#*PRIMARY
#*RECEIVER
#*TRUSSADJUSTER
#*CODE
#@NAME=DS20181208
CODE49  -370.1281   491.7851   431.4763    -0.0100    -0.0174    -0.0047
CODE50   216.5611  1391.9009   220.9565    -0.0170    -0.0141    -0.0021
CODE52   370.5005   320.8733   784.9675    -0.0149    -0.0266    -0.0140
CODE55   370.4549   485.8364   438.7285    -0.0126    -0.0141    -0.0088
CODE56  -351.3347  1439.0237   242.6426    -0.0178    -0.0139    -0.0026
CODE57   645.2934   429.1578   567.6626    -0.0175    -0.0241    -0.0128
CODE58   648.4463   216.1056  1054.8521    -0.0212    -0.0359    -0.0156
CODE61   102.6216   327.0833   542.6162    -0.0118    -0.0171    -0.0075
CODE62  -667.6914   433.7401   567.9546    -0.0144    -0.0223    -0.0074
CODE63   224.3003  1805.0315   376.1471    -0.0182    -0.0142    -0.0002
CODE64   -45.7698   487.0292   439.9823    -0.0083    -0.0121    -0.0053
CODE67  -168.2948   306.8127   518.5176    -0.0116    -0.0217    -0.0077
CODE69  -366.1539   314.2471   805.9315    -0.0105    -0.0265    -0.0132
CODE70  -254.6081  2047.4101   483.9888    -0.0196    -0.0145    -0.0001
CODE97  -692.3768  2268.8774   639.7075    -0.0195    -0.0126    -0.0032
CODE103   816.6012  2268.6377   660.8581    -0.0178    -0.0157     0.0005
CODE109  1002.5491  3235.9984  1304.3427    -0.0191    -0.0169     0.0001
CODE110   805.7486   278.2881   867.7555    -0.0306    -0.0359    -0.0235
CODE115  -840.3411  3544.7582  1508.3292    -0.0213    -0.0189    -0.0048
CODE116   -12.0186  2547.1503   737.5377    -0.0151    -0.0115    -0.0001
CODE135  -331.8299   575.5087   828.3552    -0.0105    -0.0131    -0.0079
CODE136   262.9756   573.1215   827.4679    -0.0085    -0.0151    -0.0062
CSB-045-9  -498.9242   569.4131   824.2966    -0.0129    -0.0162    -0.0092
CSB-045-10  -460.0145   569.3230   824.0670    -0.0116    -0.0151    -0.0088
CSB-045-11  -420.7665   569.1347   824.1150    -0.0117    -0.0143    -0.0083
CSB-045-12  -382.1282   568.9781   824.1160    -0.0104    -0.0140    -0.0084
CSB-045-13   318.5746   565.9904   823.2328    -0.0121    -0.0193    -0.0078
CSB-045-14   357.4401   565.7979   823.2551    -0.0097    -0.0162    -0.0066
CSB-045-15   396.8638   565.7406   822.8609    -0.0110    -0.0174    -0.0069
CSB-045-16   435.8059   565.4911   823.2191    -0.0115    -0.0178    -0.0063
NUGGET135_1  -347.4192   580.1420   814.9382    -0.0105    -0.0131    -0.0079
NUGGET135_6  -327.0860   581.5888   809.7147    -0.0097    -0.0134    -0.0074
NUGGET135_A  -312.1843   581.4452   809.6589    -0.0091    -0.0129    -0.0081
NUGGET135_B  -332.5285   570.6816   843.1172    -0.0105    -0.0131    -0.0079
NUGGET135_C  -347.3848   570.8673   843.2419    -0.0104    -0.0140    -0.0084
NUGGET135_D  -347.3965   575.4906   829.0911    -0.0105    -0.0131    -0.0079
NUGGET136_2   247.3915   579.3282   808.8618    -0.0086    -0.0143    -0.0056
NUGGET136_6   267.7219   579.2592   808.8130    -0.0086    -0.0143    -0.0056
NUGGET136_15   278.5612   572.8575   828.1050    -0.0085    -0.0151    -0.0062
NUGGET136_A   282.6303   579.2025   808.8098    -0.0086    -0.0143    -0.0056
NUGGET136_B   262.2710   568.2058   842.2636    -0.0085    -0.0151    -0.0062
NUGGET136_C   247.3462   568.2443   842.2772    -0.0085    -0.0151    -0.0062
NUGGET136_D   247.3837   572.9822   828.1435    -0.0086    -0.0143    -0.0056
PRIMARYTARGET84   908.6552  2702.1457   923.7474    -0.0174    -0.0144     0.0003
PRIMARYTARGET16  -193.6953  2302.9013   607.1513    -0.0176    -0.0137    -0.0009
PRIMARYTARGET59   933.8261  2213.8445   656.2600    -0.0195    -0.0153    -0.0006
PRIMARYTARGET34  -358.6388  2390.1947   664.0857    -0.0172    -0.0124    -0.0011
PRIMARYTARGET4   -95.0370  2707.0601   834.0573    -0.0146    -0.0110    -0.0008
PRIMARYTARGET8  -471.0830  2774.5722   900.2285    -0.0166    -0.0119    -0.0017
PRIMARYTARGET62  -246.7112  2804.1251   900.6888    -0.0144    -0.0118    -0.0013
PRIMARYTARGET61   -38.3648  2797.5711   889.7648    -0.0158    -0.0121    -0.0012
PRIMARYTARGET85  -387.4632  2863.8067   949.2800    -0.0171    -0.0132    -0.0016
PRIMARYTARGET5  -541.9670  2906.7928   993.8225    -0.0173    -0.0125    -0.0028
PRIMARYTARGET79   811.2557  2705.4056   906.7344    -0.0188    -0.0147     0.0004
PRIMARYTARGET63  -107.8673  2923.6044   972.9312    -0.0165    -0.0127    -0.0022
PRIMARYTARGET115  -289.4971  2959.9247  1005.3545    -0.0173    -0.0125    -0.0028
PRIMARYTARGET78  1049.9557  2712.7248   961.6593    -0.0186    -0.0155    -0.0001
PRIMARYTARGET104  -415.0692  3004.7213  1045.7838    -0.0165    -0.0127    -0.0022
PRIMARYTARGET68   546.4520  2857.9528   962.3707    -0.0168    -0.0139    -0.0004
PRIMARYTARGET67   745.9260  2862.1130   994.3074    -0.0160    -0.0141     0.0002
PRIMARYTARGET118  1286.4201  2706.6854  1020.6802    -0.0202    -0.0178     0.0014
PRIMARYTARGET103  -456.6200  3122.2516  1131.7441    -0.0185    -0.0145    -0.0037
PRIMARYTARGET113   -71.6678  3079.4443  1078.4417    -0.0170    -0.0141    -0.0021
PRIMARYTARGET110  -241.1336  3106.9699  1103.8463    -0.0178    -0.0139    -0.0026
PRIMARYTARGET83   911.9585  2913.9896  1059.6278    -0.0179    -0.0149     0.0010
PRIMARYTARGET66   688.8785  2999.6210  1076.6277    -0.0160    -0.0141     0.0002
PRIMARYTARGET77  1108.9198  2927.3856  1113.7077    -0.0197    -0.0174     0.0007
PRIMARYTARGET112  -109.8529  3227.9171  1185.6524    -0.0189    -0.0158    -0.0035
PRIMARYTARGET109  -308.4216  3298.7028  1247.6504    -0.0190    -0.0150    -0.0030
PRIMARYTARGET82  1292.3917  2930.3993  1165.6946    -0.0220    -0.0195     0.0017
PRIMARYTARGET72   675.2937  3159.5677  1186.4750    -0.0178    -0.0157     0.0005
PRIMARYTARGET76   926.7764  3095.4924  1186.6670    -0.0202    -0.0178     0.0014
PRIMARYTARGET75  1123.5779  3095.2996  1232.3300    -0.0201    -0.0187     0.0009
PRIMARYTARGET127     8.6307  3402.5494  1315.9013    -0.0205    -0.0181    -0.0020
PRIMARYTARGET81   696.1328  3248.9331  1254.8021    -0.0185    -0.0164    -0.0006
PRIMARYTARGET74  1263.4121  3141.6345  1303.0074    -0.0219    -0.0203     0.0012
PRIMARYTARGET80   868.8229  3294.0104  1318.9856    -0.0190    -0.0177    -0.0005
PRIMARYTARGET141   765.8149  3411.2180  1389.2390    -0.0207    -0.0202    -0.0007
PRIMARYTARGET144  1138.4771  3355.1272  1426.7014    -0.0248    -0.0237     0.0023
PRIMARYTARGET102  -506.4688  3278.2839  1250.6610    -0.0202    -0.0170    -0.0039
PRIMARYTARGET57   353.9979  1715.0512   348.6645    -0.0186    -0.0155    -0.0001
PRIMARYTARGET53  -161.0829  1832.8502   384.9353    -0.0176    -0.0137    -0.0009
PRIMARYTARGET22  -895.3736  2611.9156   866.4996    -0.0168    -0.0120    -0.0034
PRIMARYTARGET56   -27.0522  1682.5147   321.9315    -0.0212    -0.0168     0.0014
TARGET42   364.3273  1538.7229   282.0795    -0.0181    -0.0150    -0.0008
TARGET43   204.7238  1460.4271   244.1333    -0.0180    -0.0159    -0.0013
PRIMARYTARGET90 -1041.3145  3239.3713  1315.8453    -0.0247    -0.0172    -0.0064
PRIMARYTARGET87  -931.8960  3050.3462  1156.2137    -0.0201    -0.0141    -0.0047
PRIMARYTARGET114   204.0263  3073.1320  1078.1957    -0.0168    -0.0139    -0.0004
PRIMARYTARGET64    36.0987  2970.6457  1003.2315    -0.0156    -0.0128     0.0000
PRIMARYTARGET29 -1207.2785  2832.6408  1077.5690    -0.0218    -0.0136    -0.0058
PRIMARYTARGET23 -1008.4760  2769.1176   987.0806    -0.0216    -0.0135    -0.0041
PRIMARYTARGET19   314.1695  2460.2142   699.2919    -0.0157    -0.0120     0.0005
PRIMARYTARGET37   831.3736  2376.2912   720.4526    -0.0182    -0.0142    -0.0002
PRIMARYTARGET51    88.3259  1906.2523   414.0269    -0.0189    -0.0148    -0.0013
PRIMARYTARGET36    22.7260  2347.8593   626.7752    -0.0164    -0.0126    -0.0005
PRIMARYTARGET107  1149.1734  2320.6963   762.2690    -0.0192    -0.0160     0.0006
PRIMARYTARGET14  -147.6042  2451.4377   685.6344    -0.0165    -0.0117     0.0000
PRIMARYTARGET9   143.0554  2474.6614   698.5100    -0.0157    -0.0120     0.0005
PRIMARYTARGET17  -792.0604  2459.6662   759.0214    -0.0183    -0.0115    -0.0028
PRIMARYTARGET35   554.4099  2458.4205   721.9961    -0.0156    -0.0128     0.0000
PRIMARYTARGET20  -474.7415  2513.0178   743.5024    -0.0173    -0.0115    -0.0005
PRIMARYTARGET12  -233.9208  2547.4912   743.9434    -0.0159    -0.0113    -0.0007
PRIMARYTARGET58   967.6438  2497.6659   815.4960    -0.0182    -0.0142    -0.0002
PRIMARYTARGET15  -556.8434  2585.2528   794.9204    -0.0180    -0.0122    -0.0016
PRIMARYTARGET33   725.4780  2560.0009   804.7796    -0.0183    -0.0134     0.0003
PRIMARYTARGET32   213.6641  2605.2844   776.7616    -0.0143    -0.0117     0.0004
PRIMARYTARGET3    70.0876  2649.8043   798.7303    -0.0143    -0.0117     0.0004
PRIMARYTARGET106  1259.8238  2521.1724   902.7790    -0.0212    -0.0168     0.0014
PRIMARYTARGET10  -318.2601  2668.3877   820.8585    -0.0158    -0.0121    -0.0012
PRIMARYTARGET7  -203.2234  2685.0463   824.1710    -0.0159    -0.0113    -0.0007
PRIMARYTARGET31   401.1931  2672.1679   829.9814    -0.0143    -0.0117     0.0004
PRIMARYTARGET30   609.8197  2702.3171   872.3533    -0.0190    -0.0140    -0.0008
PRIMARYTARGET73   364.2445  2857.5134   943.2425    -0.0161    -0.0133     0.0007
PRIMARYTARGET24  -769.8033  2905.2407  1026.6244    -0.0189    -0.0129    -0.0044
PRIMARYTARGET25  -672.6652  3001.5795  1075.4746    -0.0186    -0.0136    -0.0032
PRIMARYTARGET105   370.1178  3015.1793  1048.9526    -0.0182    -0.0142    -0.0002
PRIMARYTARGET86 -1079.9155  2960.9184  1129.0028    -0.0209    -0.0139    -0.0053
PRIMARYTARGET26  -700.8244  3099.8581  1147.9779    -0.0204    -0.0153    -0.0029
PRIMARYTARGET65    64.1181  3184.4705  1153.0623    -0.0189    -0.0148    -0.0013
PRIMARYTARGET89 -1274.6577  3101.1861  1277.6936    -0.0235    -0.0161    -0.0060
PRIMARYTARGET133   502.8362  3195.5191  1189.3548    -0.0199    -0.0167    -0.0005
PRIMARYTARGET134   260.8521  3235.1763  1197.3278    -0.0193    -0.0162    -0.0011
PRIMARYTARGET27  -655.4065  3226.8039  1232.2316    -0.0203    -0.0161    -0.0034
PRIMARYTARGET28  -713.0373  3344.7301  1329.1805    -0.0204    -0.0163    -0.0051
PRIMARYTARGET94  -772.2987  3455.8635  1425.1946    -0.0213    -0.0189    -0.0048
TARGET84  -484.2706  1548.6689   294.3799    -0.0192    -0.0141    -0.0025
PRIMARYTARGET88 -1089.6306  3125.6894  1245.2965    -0.0214    -0.0152    -0.0051
PRIMARYTARGET60   184.3993  2820.4879   908.1375    -0.0156    -0.0128     0.0000
PRIMARYTARGET11  -707.1583  2732.8905   905.7618    -0.0182    -0.0123    -0.0033
PRIMARYTARGET1  -976.6069  2313.6810   716.8685    -0.0237    -0.0144    -0.0050
PRIMARYTARGET21 -1104.7292  2504.6397   851.7356    -0.0211    -0.0130    -0.0048
PRIMARYTARGET111 -1405.6855  2996.9556  1245.3444    -0.0266    -0.0161    -0.0087
PRIMARYTARGET91  -876.7754  3276.0902  1307.2038    -0.0239    -0.0174    -0.0059
PRIMARYTARGET137   254.5910  3395.9933  1318.2284    -0.0219    -0.0184    -0.0019
PRIMARYTARGET93  -958.3395  3383.3849  1405.4358    -0.0232    -0.0178    -0.0071
PRIMARYTARGET95 -1060.8247  3430.9880  1465.8532    -0.0238    -0.0183    -0.0064
PRIMARYTARGET70 -1235.7614  2574.0118   926.5800    -0.0211    -0.0130    -0.0048
TARGET96  -267.4183  1531.6042   271.4525    -0.0192    -0.0141    -0.0025
PRIMARYTARGET52  -342.6902  1786.8525   376.4294    -0.0185    -0.0135    -0.0014
PRIMARYTARGET0  -529.4311  2264.5679   614.8878    -0.0195    -0.0126    -0.0032
PRIMARYTARGET6   -29.8774  2628.6942   785.5984    -0.0227    -0.0162     0.0020
PRIMARYTARGET138   500.4831  3469.2515  1396.4498    -0.0215    -0.0200    -0.0012
PRIMARYTARGET136   631.8590  3476.2991  1418.9220    -0.0233    -0.0216    -0.0009
PRIMARYTARGET140   764.4724  3560.6700  1507.3899    -0.0235    -0.0236     0.0004
PRIMARYTARGET120   595.3665  3621.5183  1530.9326    -0.0230    -0.0231    -0.0003
PRIMARYTARGET122   329.0395  3736.4823  1599.1400    -0.0225    -0.0228    -0.0026
PRIMARYTARGET148   -15.6382  3935.5564  1760.3900    -0.0269    -0.0276    -0.0054
PRIMARYTARGET54   310.4454  1848.3274   399.3913    -0.0182    -0.0142    -0.0002
PRIMARYTARGET100  -471.5461  3588.4304  1488.8286    -0.0230    -0.0214    -0.0050
PRIMARYTARGET42   450.2564  2227.0161   586.8762    -0.0190    -0.0167     0.0018
PRIMARYTARGET126   134.5889  3292.3929  1234.1417    -0.0206    -0.0173    -0.0015
PRIMARYTARGET135   431.8956  3321.1419  1274.8377    -0.0230    -0.0194    -0.0006
PRIMARYTARGET123   -23.5149  3730.1445  1581.4727    -0.0232    -0.0234    -0.0037
PRIMARYTARGET128  -161.7552  3381.6337  1302.7371    -0.0219    -0.0213    -0.0011
PRIMARYTARGET121   153.8482  3572.9443  1453.6411    -0.0240    -0.0222    -0.0020
PRIMARYTARGET125   144.6266  3789.1852  1634.2806    -0.0230    -0.0241    -0.0025
PRIMARYTARGET13   174.9048  2333.1745   622.3859    -0.0183    -0.0134     0.0003
PRIMARYTARGET142  1025.8765  3664.7256  1645.9784    -0.0284    -0.0279     0.0006
PRIMARYTARGET149   635.5412  3750.3989  1644.6115    -0.0282    -0.0296    -0.0004
PRIMARYTARGET146   458.2569  3823.4658  1685.4543    -0.0262    -0.0289    -0.0012
PRIMARYTARGET69 -1408.0795  2580.0729   981.8968    -0.0284    -0.0148    -0.0092
PRIMARYTARGET117  -601.5643  3459.1072  1401.0642    -0.0254    -0.0206    -0.0049
PRIMARYTARGET129  -153.9742  3539.4280  1426.5699    -0.0243    -0.0215    -0.0032
PRIMARYTARGET124  -263.6039  3665.0059  1534.5364    -0.0273    -0.0280    -0.0030
PRIMARYTARGET41  -416.4425  2078.2908   510.8192    -0.0197    -0.0146    -0.0018
PRIMARYTARGET45  -298.9807  1966.5967   449.9192    -0.0176    -0.0137    -0.0009
PRIMARYTARGET55   772.3279  1897.3280   477.1514    -0.0269    -0.0245     0.0089
PRIMARYTARGET46  -489.8570  1903.6684   439.3689    -0.0179    -0.0130    -0.0021
PRIMARYTARGET18  -883.9829  2089.2881   585.1158    -0.0272    -0.0175    -0.0027
PRIMARYTARGET116   124.5945  1689.0323   326.1250    -0.0189    -0.0148    -0.0013
PRIMARYTARGET96  -939.4158  3583.0327  1559.4452    -0.0294    -0.0243    -0.0095
PRIMARYTARGET101  -342.2108  3485.5910  1394.1830    -0.0266    -0.0217    -0.0053
PRIMARYTARGET97  -696.4568  3613.1639  1538.9103    -0.0302    -0.0268    -0.0075
PRIMARYTARGET143  1016.2504  3454.5314  1473.6406    -0.0285    -0.0271     0.0011
RECEIVERTARGETT3   199.5924   487.5460   436.5488    -0.0108    -0.0106    -0.0064
PRIMARYTARGET49   418.2625  2038.4395   492.3103    -0.0186    -0.0155    -0.0001
PRIMARYTARGET48   250.4939  2023.8892   472.8412    -0.0181    -0.0150    -0.0008
PRIMARYTARGET71 -1243.1466  2305.6518   779.9072    -0.0256    -0.0152    -0.0042
PRIMARYTARGET132  -161.4485  3848.1065  1686.0726    -0.0284    -0.0280    -0.0069
PRIMARYTARGET99  -697.4102  3800.3576  1696.7933    -0.0302    -0.0278    -0.0097
PRIMARYTARGET131  -485.5484  3750.1756  1625.2521    -0.0296    -0.0263    -0.0082
PRIMARYTARGET119   315.2799  3546.7810  1441.1410    -0.0260    -0.0240    -0.0034
PRIMARYTARGET130    -5.7876  3604.7054  1476.8910    -0.0273    -0.0251    -0.0038
PRIMARYTARGET98 -1025.8694  3669.3693  1649.9219    -0.0335    -0.0269    -0.0119
PRIMARYTARGET92 -1187.4770  3278.6769  1382.0020    -0.0293    -0.0185    -0.0112
PRIMARYTARGET44  -142.4004  2027.2592   469.5570    -0.0200    -0.0158     0.0001
PRIMARYTARGET145  -415.0671  3928.0570  1773.2012    -0.0341    -0.0313    -0.0126
PRIMARYTARGET139   444.0069  3652.7041  1538.9242    -0.0401    -0.0392    -0.0010
TRUSSADJUSTER1   650.7821   182.0967  1132.6898    -0.0221    -0.0301    -0.0137
PRIMARYTARGET47   739.8869  2134.4252   580.1949    -0.0305    -0.0315     0.0098
TRUSSADJUSTER4  -670.4640   398.8928   647.7313    -0.0151    -0.0229    -0.0085
PRIMARYTARGET2  -609.8615  2103.3233   545.2508    -0.0231    -0.0167    -0.0031
RECEIVERTARGETT2  -150.9615   488.3789   437.2262    -0.0088    -0.0126    -0.0046
PRIMARYTARGET38  -250.5041  2171.2874   543.0778    -0.0252    -0.0194    -0.0010
TARGET161  -823.0515   291.9646   953.4418    -0.0380    -0.0375    -0.0129
TARGET162  -823.7025   386.1426   709.7056    -0.0360    -0.0339    -0.0146
RECEIVERTARGET163  -119.1256   321.4307   550.9516    -0.0099    -0.0193    -0.0074
PRIMARYTARGET108   938.5713  2028.8505   568.0798    -0.0242    -0.0176    -0.0018
RECEIVERTARGET167    29.5023   337.8969   558.4067    -0.0149    -0.0303    -0.0137
PRIMARYTARGET40     4.5941  2177.3978   539.0840    -0.0391    -0.0270     0.0043
PRIMARYTARGET50   619.7268  2039.3621   516.4547    -0.0300    -0.0292     0.0119
PRIMARYTARGET43   224.3254  2162.3863   537.3881    -0.0379    -0.0259    -0.0029
PRIMARYTARGET147   208.0765  3942.1452  1771.2630    -0.0418    -0.0483    -0.0001
TRUSSADJUSTER3   649.4475   393.7126   648.0101    -0.0219    -0.0281    -0.0150
TRUSSADJUSTER2  -671.1694   184.8322  1136.9136    -0.0230    -0.0423    -0.0172
PROJECTEDRECEIVERTARGETN2   299.0153   430.0426   504.1629    -0.0126    -0.0227    -0.0122
PROJECTEDRECEIVERTARGETN1  -300.5754   432.9859   502.5883    -0.0128    -0.0284    -0.0105
