*PRIMARY
*RECEIVER
*TRUSSADJUSTER3
*CODE
CODE49  -365.7381   459.6963   500.4946    -0.0092     0.0124    -0.0019
CODE50   217.4042  1390.2016   220.2671    -0.0057     0.0100    -0.0078
CODE55   374.9079   454.1725   507.4317    -0.0096     0.0120    -0.0035
CODE56  -350.6468  1437.3073   241.9032    -0.0056     0.0105    -0.0086
CODE57   649.8423   397.4921   635.9948    -0.0160     0.0211    -0.0022
CODE61   107.2055   295.1840   611.4538    -0.0210     0.0237    -0.0014
CODE62  -663.4161   401.3732   637.0308    -0.0098     0.0134    -0.0038
CODE63   224.8878  1803.4781   375.5692    -0.0056     0.0105    -0.0086
CODE64   -41.3841   455.0144   508.7581    -0.0088     0.0142    -0.0006
CODE67  -163.7514   274.8011   587.3820    -0.0155     0.0242     0.0012
CODE68  -664.7224   188.7014  1122.8322    -0.0169     0.0209    -0.0025
CODE69  -361.4472   281.9417   874.6299    -0.0109     0.0153    -0.0015
CODE70  -254.1508  2045.7612   483.1738    -0.0049     0.0127    -0.0119
CODE97  -692.0676  2267.1067   638.7580    -0.0076     0.0135    -0.0107
CODE103   816.9879  2267.3908   660.3037    -0.0067     0.0117    -0.0093
CODE109  1002.4041  3234.9879  1303.6228    -0.0083     0.0158    -0.0130
CODE115  -840.6334  3543.1518  1507.0987    -0.0074     0.0186    -0.0109
CODE116   -11.7874  2545.6920   736.6198    -0.0056     0.0105    -0.0086
CODE135   316.2273   542.0337   893.3543    -0.0081     0.0086    -0.0031
CODE136  -278.7335   543.4362   894.2706    -0.0071     0.0088    -0.0028
CSB-045-9   483.2990   533.5698   892.3437    -0.0093     0.0112    -0.0040
CSB-045-10   444.3943   533.6097   892.5568    -0.0085     0.0108    -0.0029
CSB-045-11   405.1347   533.7817   892.5036    -0.0082     0.0100    -0.0034
CSB-045-12   366.4915   533.8995   892.4786    -0.0082     0.0100    -0.0034
CSB-045-13  -334.3148   535.5121   893.4120    -0.0071     0.0088    -0.0028
CSB-045-14  -373.2697   535.6395   893.3389    -0.0084     0.0094    -0.0026
CSB-045-16  -451.6786   535.8137   893.4645    -0.0082     0.0100    -0.0034
NUGGET135_1   331.8157   537.1938   906.7061    -0.0079     0.0092    -0.0039
NUGGET135_6   311.4839   535.2218   911.7392    -0.0081     0.0086    -0.0031
NUGGET135_15   300.6229   542.1691   892.7381    -0.0084     0.0094    -0.0026
NUGGET135_A   296.5775   535.1678   911.7423    -0.0081     0.0086    -0.0031
NUGGET135_B   316.9359   547.4241   878.7928    -0.0081     0.0086    -0.0031
NUGGET135_C   331.7917   547.5373   878.7639    -0.0081     0.0086    -0.0031
NUGGET135_D   331.7967   542.3660   892.7247    -0.0081     0.0086    -0.0031
NUGGET136_2  -263.1406   536.6239   912.6466    -0.0071     0.0088    -0.0028
NUGGET136_6  -283.4581   536.6588   912.7097    -0.0071     0.0088    -0.0028
NUGGET136_15  -294.3195   543.7094   893.6539    -0.0071     0.0088    -0.0028
NUGGET136_A  -298.3741   536.7105   912.7316    -0.0071     0.0088    -0.0028
NUGGET136_B  -278.0479   548.7693   879.6007    -0.0071     0.0088    -0.0028
NUGGET136_C  -263.1194   548.7375   879.6046    -0.0073     0.0082    -0.0019
NUGGET136_D  -263.1445   543.6439   893.6052    -0.0073     0.0082    -0.0019
RECEIVERTARGETT2  -146.5677   456.4434   506.1443    -0.0076     0.0110    -0.0026
TARGET7    34.0896   305.9457   627.1822    -0.0183     0.0184    -0.0033
TARGET8  -666.1303   366.4091   716.8742    -0.0116     0.0156    -0.0026
RECEIVERTARGETN1  -296.1388   400.8343   571.5309    -0.0102     0.0136    -0.0025
RECEIVERTARGETT3   204.1618   455.7344   505.3612    -0.0110     0.0140    -0.0036
RECEIVERTARGETN2   303.5736   397.9512   572.7527    -0.0150     0.0213    -0.0019
TARGET29  -266.7772  1529.9508   270.7668    -0.0067     0.0117    -0.0093
TARGET30   365.0974  1537.0752   281.4447    -0.0065     0.0103    -0.0089
TARGET31   205.5523  1458.7022   243.4540    -0.0056     0.0105    -0.0086
TARGET33  -483.6318  1546.8894   293.6088    -0.0067     0.0117    -0.0093
PRIMARYTARGET116   125.1985  1687.4195   325.5728    -0.0054     0.0111    -0.0095
PRIMARYTARGET57   354.6259  1713.5315   348.1610    -0.0063     0.0109    -0.0098
PRIMARYTARGET52  -342.1343  1785.1101   375.7010    -0.0056     0.0105    -0.0086
PRIMARYTARGET53  -160.5332  1831.1767   384.2430    -0.0054     0.0111    -0.0095
PRIMARYTARGET16  -193.3691  2301.3210   606.2901    -0.0063     0.0128    -0.0109
PRIMARYTARGET54   311.0122  1846.8210   398.8041    -0.0063     0.0109    -0.0098
PRIMARYTARGET13   175.2435  2331.7387   621.5639    -0.0063     0.0128    -0.0109
PRIMARYTARGET0  -529.1143  2262.8462   613.9719    -0.0071     0.0151    -0.0131
PRIMARYTARGET34  -358.3629  2388.5711   663.1193    -0.0063     0.0109    -0.0098
PRIMARYTARGET30   609.9903  2701.0795   871.6297    -0.0063     0.0109    -0.0098
PRIMARYTARGET79   811.4008  2704.2401   906.0841    -0.0067     0.0117    -0.0093
PRIMARYTARGET11  -707.0703  2731.2176   904.7091    -0.0057     0.0119    -0.0090
PRIMARYTARGET8  -470.9955  2772.9867   899.2044    -0.0054     0.0111    -0.0095
PRIMARYTARGET62  -246.6194  2802.6365   899.7092    -0.0054     0.0111    -0.0095
PRIMARYTARGET23 -1008.3992  2767.3034   986.0193    -0.0077     0.0129    -0.0099
PRIMARYTARGET85  -387.4192  2862.2570   948.2729    -0.0057     0.0119    -0.0090
PRIMARYTARGET24  -769.7867  2903.5600  1025.5520    -0.0065     0.0123    -0.0101
PRIMARYTARGET46  -489.3678  1901.9233   438.5541    -0.0052     0.0116    -0.0103
PRIMARYTARGET59   934.2255  2212.6309   655.7730    -0.0074     0.0121    -0.0104
PRIMARYTARGET84   908.8175  2701.0170   923.1204    -0.0065     0.0123    -0.0101
PRIMARYTARGET68   546.5323  2856.7240   961.6023    -0.0065     0.0123    -0.0101
PRIMARYTARGET5  -541.9463  2905.2241   992.7627    -0.0063     0.0128    -0.0109
PRIMARYTARGET63  -107.8295  2922.1749   971.9502    -0.0056     0.0124    -0.0098
PRIMARYTARGET64    36.1255  2969.2705  1002.2863    -0.0054     0.0130    -0.0106
PRIMARYTARGET104  -415.0813  3003.1872  1044.7610    -0.0059     0.0133    -0.0093
PRIMARYTARGET25  -672.6900  2999.9679  1074.4147    -0.0068     0.0131    -0.0096
PRIMARYTARGET66   688.8839  2998.4512  1075.8852    -0.0063     0.0128    -0.0109
PRIMARYTARGET113   -71.7064  3078.0446  1077.4644    -0.0054     0.0130    -0.0106
PRIMARYTARGET110  -241.1937  3105.5271  1102.8364    -0.0057     0.0138    -0.0101
PRIMARYTARGET103  -456.6879  3120.7386  1130.6785    -0.0068     0.0150    -0.0107
PRIMARYTARGET72   675.2132  3158.4339  1185.6805    -0.0066     0.0136    -0.0104
PRIMARYTARGET112  -109.9803  3226.5251  1184.6641    -0.0059     0.0152    -0.0104
PRIMARYTARGET27  -655.5327  3225.2150  1231.1208    -0.0070     0.0145    -0.0099
PRIMARYTARGET102  -506.6216  3276.7447  1249.5545    -0.0068     0.0150    -0.0107
PRIMARYTARGET81   695.9968  3247.8267  1253.9874    -0.0074     0.0140    -0.0115
PRIMARYTARGET17  -791.8562  2457.9171   758.0106    -0.0062     0.0115    -0.0106
PRIMARYTARGET12  -233.7137  2545.9449   743.0075    -0.0056     0.0105    -0.0086
PRIMARYTARGET32   213.8749  2603.9178   775.9252    -0.0056     0.0105    -0.0086
PRIMARYTARGET3    70.2730  2648.4103   797.8180    -0.0056     0.0105    -0.0086
PRIMARYTARGET10  -318.1180  2666.8637   819.8714    -0.0054     0.0111    -0.0095
PRIMARYTARGET7  -203.0718  2683.5356   823.2196    -0.0054     0.0111    -0.0095
PRIMARYTARGET4   -94.8882  2705.6179   833.0979    -0.0054     0.0111    -0.0095
PRIMARYTARGET61   -38.2681  2796.1460   888.8261    -0.0054     0.0111    -0.0095
PRIMARYTARGET71 -1242.8975  2303.7083   778.8796    -0.0087     0.0127    -0.0102
PRIMARYTARGET9   143.3362  2473.2356   697.6793    -0.0054     0.0111    -0.0095
PRIMARYTARGET35   554.7058  2457.1425   721.2997    -0.0054     0.0111    -0.0095
PRIMARYTARGET21 -1104.5666  2502.7789   850.6755    -0.0077     0.0129    -0.0099
PRIMARYTARGET58   967.9077  2496.5345   814.9239    -0.0067     0.0117    -0.0093
PRIMARYTARGET33   725.7159  2558.7906   804.1142    -0.0067     0.0117    -0.0093
PRIMARYTARGET106  1260.0541  2520.1456   902.3045    -0.0076     0.0135    -0.0107
PRIMARYTARGET31   401.3809  2670.8739   829.1731    -0.0054     0.0111    -0.0095
PRIMARYTARGET60   184.4999  2819.1477   907.2463    -0.0054     0.0111    -0.0095
PRIMARYTARGET118  1286.5400  2705.7028  1020.1616    -0.0084     0.0138    -0.0118
PRIMARYTARGET73   364.3293  2856.2297   942.4132    -0.0052     0.0116    -0.0103
PRIMARYTARGET67   745.9955  2860.9389   993.6097    -0.0065     0.0123    -0.0101
PRIMARYTARGET83   912.0032  2912.8968  1058.9620    -0.0074     0.0140    -0.0115
PRIMARYTARGET86 -1079.9674  2959.1608  1127.8346    -0.0079     0.0143    -0.0102
PRIMARYTARGET105   370.1013  3013.9024  1048.1070    -0.0056     0.0124    -0.0098
PRIMARYTARGET77  1108.9485  2926.3849  1113.0829    -0.0074     0.0140    -0.0115
PRIMARYTARGET114   203.9931  3071.8399  1077.2608    -0.0054     0.0130    -0.0106
PRIMARYTARGET82  1292.3735  2929.4583  1165.1290    -0.0090     0.0148    -0.0137
PRIMARYTARGET87  -931.9586  3048.6218  1155.0727    -0.0068     0.0150    -0.0107
PRIMARYTARGET65    64.0223  3183.1170  1152.1102    -0.0063     0.0148    -0.0120
PRIMARYTARGET75  1123.4926  3094.3111  1231.6868    -0.0080     0.0150    -0.0134
PRIMARYTARGET133   502.7352  3194.3124  1188.5097    -0.0065     0.0142    -0.0112
PRIMARYTARGET134   260.7255  3233.9265  1196.3970    -0.0065     0.0142    -0.0112
PRIMARYTARGET126   134.4319  3291.0667  1233.1799    -0.0063     0.0167    -0.0132
PRIMARYTARGET74  1263.2780  3140.6902  1302.3921    -0.0093     0.0156    -0.0133
PRIMARYTARGET80   868.6472  3292.9504  1318.2147    -0.0085     0.0152    -0.0121
PRIMARYTARGET127     8.4165  3401.2365  1314.8663    -0.0068     0.0169    -0.0119
PRIMARYTARGET141   765.5928  3410.1737  1388.4142    -0.0083     0.0158    -0.0130
PRIMARYTARGET101  -342.4645  3484.1599  1393.0864    -0.0075     0.0212    -0.0152
PRIMARYTARGET138   500.2511  3468.1381  1395.5212    -0.0083     0.0177    -0.0141
PRIMARYTARGET136   631.6109  3475.2130  1418.0254    -0.0085     0.0171    -0.0133
PRIMARYTARGET76   926.7038  3094.4254  1185.9506    -0.0073     0.0146    -0.0123
PRIMARYTARGET135   431.7204  3319.9182  1273.9477    -0.0073     0.0165    -0.0135
PRIMARYTARGET137   254.3847  3394.7647  1317.2726    -0.0076     0.0173    -0.0130
PRIMARYTARGET19   314.4569  2458.8291   698.5075    -0.0054     0.0111    -0.0095
PRIMARYTARGET78  1050.0927  2711.6490   961.0678    -0.0073     0.0127    -0.0112
PRIMARYTARGET107  1149.5216  2319.5821   761.8122    -0.0065     0.0123    -0.0101
PRIMARYTARGET144  1138.2715  3354.2403  1425.9573    -0.0115     0.0192    -0.0186
PRIMARYTARGET45  -298.4907  1964.9320   449.1161    -0.0051     0.0122    -0.0111
PRIMARYTARGET109  -308.5770  3297.3122  1246.5533    -0.0069     0.0164    -0.0110
PRIMARYTARGET115  -289.4799  2958.4313  1004.3455    -0.0056     0.0124    -0.0098
PRIMARYTARGET15  -556.6813  2583.5849   793.9380    -0.0054     0.0111    -0.0095
PRIMARYTARGET37   831.7031  2375.0657   719.8806    -0.0065     0.0123    -0.0101
PRIMARYTARGET36    23.0300  2346.3618   625.9296    -0.0063     0.0128    -0.0109
PRIMARYTARGET44  -141.9450  2025.6162   468.7952    -0.0051     0.0141    -0.0122
PRIMARYTARGET92 -1187.6555  3276.9654  1380.7567    -0.0091     0.0188    -0.0123
PRIMARYTARGET70 -1235.6253  2572.1225   925.4896    -0.0085     0.0133    -0.0110
PRIMARYTARGET14  -147.3476  2449.9190   684.7097    -0.0063     0.0109    -0.0098
PRIMARYTARGET128  -161.9590  3380.2280  1301.6767    -0.0066     0.0175    -0.0127
PRIMARYTARGET20  -474.5459  2511.3721   742.5228    -0.0054     0.0111    -0.0095
PRIMARYTARGET95 -1061.0762  3429.3439  1464.5983    -0.0094     0.0196    -0.0118
PRIMARYTARGET91  -876.9369  3274.4625  1306.0216    -0.0069     0.0164    -0.0110
PRIMARYTARGET90 -1041.4634  3237.6789  1314.6306    -0.0079     0.0181    -0.0125
PRIMARYTARGET88 -1089.7281  3123.9309  1244.1241    -0.0080     0.0156    -0.0105
PRIMARYTARGET1  -976.3223  2311.8071   715.8846    -0.0074     0.0121    -0.0104
PRIMARYTARGET119   314.9892  3545.5943  1440.1351    -0.0085     0.0191    -0.0144
PRIMARYTARGET121   153.5576  3571.6730  1452.6329    -0.0085     0.0191    -0.0144
PRIMARYTARGET120   595.0251  3620.4428  1530.0125    -0.0094     0.0189    -0.0147
PRIMARYTARGET125   144.2166  3787.9774  1633.2002    -0.0104     0.0213    -0.0132
PRIMARYTARGET139   443.6498  3651.6899  1537.9153    -0.0114     0.0257    -0.0191
PRIMARYTARGET122   328.6505  3735.2790  1598.1226    -0.0116     0.0251    -0.0182
PRIMARYTARGET149   635.1246  3749.3685  1643.6660    -0.0152     0.0250    -0.0203
PRIMARYTARGET97  -696.7639  3611.5871  1537.7101    -0.0085     0.0217    -0.0126
PRIMARYTARGET100  -471.8569  3586.9742  1487.6472    -0.0080     0.0195    -0.0128
PRIMARYTARGET94  -772.5342  3454.2685  1423.9829    -0.0083     0.0203    -0.0123
PRIMARYTARGET117  -601.7980  3457.5348  1399.9283    -0.0079     0.0201    -0.0136
PRIMARYTARGET41  -416.0210  2076.6270   509.9307    -0.0063     0.0148    -0.0120
PRIMARYTARGET26  -700.8950  3098.2282  1146.8812    -0.0066     0.0156    -0.0115
PRIMARYTARGET89 -1274.7735  3099.3882  1276.4765    -0.0090     0.0155    -0.0108
PRIMARYTARGET28  -713.1892  3343.0474  1328.0791    -0.0069     0.0183    -0.0122
PRIMARYTARGET96  -939.7250  3581.4553  1558.1682    -0.0088     0.0206    -0.0110
PRIMARYTARGET93  -958.5544  3381.7288  1404.2044    -0.0082     0.0189    -0.0120
PRIMARYTARGET29 -1207.2587  2830.8041  1076.4174    -0.0088     0.0141    -0.0105
PRIMARYTARGET22  -895.2285  2610.1370   865.4692    -0.0074     0.0121    -0.0104
PRIMARYTARGET51    88.8603  1904.6746   413.3689    -0.0063     0.0128    -0.0109
PRIMARYTARGET69 -1407.9654  2578.1403   980.7831    -0.0098     0.0139    -0.0108
PRIMARYTARGET111 -1405.7710  2995.1104  1244.1267    -0.0102     0.0161    -0.0106
PRIMARYTARGET132  -161.9028  3846.8921  1684.8783    -0.0105     0.0246    -0.0147
PRIMARYTARGET131  -485.9328  3748.7203  1624.0618    -0.0097     0.0242    -0.0136
PRIMARYTARGET123   -23.9148  3728.8707  1580.3612    -0.0091     0.0226    -0.0146
PRIMARYTARGET124  -263.9514  3663.6055  1533.4011    -0.0082     0.0228    -0.0143
PRIMARYTARGET130    -6.1163  3603.4181  1475.8222    -0.0077     0.0206    -0.0144
PRIMARYTARGET140   764.1859  3559.6656  1506.5097    -0.0111     0.0210    -0.0173
PRIMARYTARGET129  -154.2722  3538.0882  1425.4756    -0.0077     0.0206    -0.0144
PRIMARYTARGET143  1016.0076  3453.6279  1472.8662    -0.0125     0.0204    -0.0192
PRIMARYTARGET99  -697.8147  3798.8301  1695.5360    -0.0123     0.0308    -0.0158
PRIMARYTARGET98 -1026.2185  3667.7895  1648.6313    -0.0122     0.0275    -0.0143
PRIMARYTARGET42   450.6750  2225.6252   586.1894    -0.0057     0.0151    -0.0142
PRIMARYTARGET147   207.5793  3941.0132  1770.1331    -0.0150     0.0301    -0.0204
PRIMARYTARGET146   457.8076  3822.3865  1684.4352    -0.0145     0.0260    -0.0195
PRIMARYTARGET142  1025.5521  3663.9174  1645.1060    -0.0156     0.0246    -0.0219
PRIMARYTARGET148   -16.1630  3934.2986  1759.2539    -0.0128     0.0284    -0.0163
PRIMARYTARGET2  -609.4771  2101.6011   544.3185    -0.0058     0.0183    -0.0156
PRIMARYTARGET55   772.9339  1896.0354   476.6622    -0.0087     0.0159    -0.0154
PRIMARYTARGET18  -883.6105  2087.4421   584.1708    -0.0080     0.0169    -0.0146
PRIMARYTARGET48   250.9795  2022.4040   472.1683    -0.0065     0.0123    -0.0101
PRIMARYTARGET49   418.7515  2037.0150   491.6961    -0.0063     0.0128    -0.0109
PRIMARYTARGET50   620.2256  2038.0098   515.8962    -0.0069     0.0157    -0.0140
PRIMARYTARGET108   939.0307  2027.6145   567.5967    -0.0087     0.0127    -0.0102
PRIMARYTARGET40     5.0124  2175.9297   538.2208    -0.0085     0.0203    -0.0185
PRIMARYTARGET47   740.3893  2133.1486   579.6063    -0.0089     0.0199    -0.0201
PRIMARYTARGET38  -250.0976  2169.6974   542.2002    -0.0061     0.0300    -0.0249
