#@NAME=ACT_PRIMARY_TEMPLATE
CODE11	3125.4213 4052.903 1316.813 0.01 0.012 0.009
CODE13	3372.6741 5592.8778 2149.1529 0.012 0.017 0.013
CODE16	2490.8695 7507.3909 3156.9139 0.016 0.024 0.02
CODE17	2730.8447 7156.232 2958.3393 0.015 0.023 0.018
CODE18	3028.2277 6327.9335 2476.8415 0.013 0.018 0.014
CODE21	2598.4943 3297.3796 885.467 0.011 0.014 0.011
CODE24	2422.5081 7170.6936 2889.5612 0.014 0.021 0.017
CODE44	-545.4239 1838.4395 179.192 0.017 0.017 0.018
CODE74	-1497.0892 2258.5566 369.6866 0.013 0.014 0.014
CODE75	254.1571 1879.126 175.1823 0.015 0.015 0.016
CODE94	2155.8264 2761.6162 613.6619 0.012 0.014 0.013
CODE110	-745.3686 8039.8897 3290.2545 0.018 0.021 0.019
CODE115	3340.1679 4775.5877 1707.2621 0.011 0.017 0.012
CODE116	788.2951 8072.8245 3321.4611 0.017 0.023 0.02
CODE145	-3090.2854 4037.8098 1299.8266 0.018 0.014 0.011
CODE146	-2670.7446 3403.4406 940.4644 0.013 0.011 0.01
CODE148	-2166.0209 2774.3207 623.1463 0.019 0.015 0.015
CODE151	-3322.4457 4754.4589 1694.7492 0.013 0.011 0.009
CODE154	-2494.8662 7507.8922 3157.9647 0.023 0.023 0.02
CODE155	-2139.0851 7807.0056 3298.4412 0.026 0.027 0.023
CODE157	-3384.9773 5608.7439 2162.6188 0.012 0.011 0.009
CODE158	-2392.0836 7012.0101 2767.2856 0.022 0.021 0.017
CODE159	-3129.8048 6473.1754 2606.9024 0.017 0.015 0.013
CODE168	2016.9947 7873.6692 3336.3038 0.018 0.027 0.023
TARGET_PRIMARY_panel_r7c10_screw_2_t0	2553.084 6828.6433 2678.6248 0.013 0.02 0.015
TARGET_PRIMARY_panel_r8c03_screw_3_t0	-615.8788 7331.159 2728.1871 0.016 0.018 0.015
TARGET_PRIMARY_panel_r7c05_screw_4_t0	-542.6925 6651.8259 2241.906 0.013 0.015 0.012
TARGET_PRIMARY_panel_r7c04_screw_4_t0	-1133.0317 6563.71 2232.9828 0.014 0.015 0.012
TARGET_PRIMARY_panel_r6c05_screw_2_t0	-910.6795 6537.9535 2192.9784 0.012 0.014 0.011
TARGET_PRIMARY_panel_r7c03_screw_4_t0	-1698.5218 6451.5324 2240.1367 0.013 0.014 0.011
TARGET_PRIMARY_panel_r7c02_screw_4_t0	-2260.1322 6274.1542 2238.4703 0.014 0.013 0.011
TARGET_PRIMARY_panel_r7c01_screw_3_t0	-2331.5353 6245.4467 2236.8225 0.014 0.013 0.011
TARGET_PRIMARY_panel_r6c03_screw_2_t0	-2154.3953 6247.9296 2198.2092 0.013 0.013 0.011
TARGET_PRIMARY_panel_r6c02_screw_1_t0	-2230.4273 6215.9372 2194.9256 0.013 0.013 0.011
TARGET_PRIMARY_panel_r7c01_screw_4_t0	-2788.6515 6064.1321 2242.3251 0.014 0.013 0.011
TARGET_PRIMARY_panel_r6c01_screw_1_t0	-2821.1215 5972.4474 2195.669 0.014 0.013 0.01
TARGET_PRIMARY_panel_r8c03_screw_4_t0	-1113.0728 7276.5083 2731.3677 0.017 0.018 0.015
TARGET_PRIMARY_panel_r8c02_screw_4_t0	-1674.1841 7166.2925 2729.9264 0.016 0.017 0.014
TARGET_PRIMARY_panel_r8c01_screw_3_t0	-1748.2574 7149.5284 2730.6196 0.018 0.019 0.016
TARGET_PRIMARY_panel_r7c03_screw_2_t0	-1870.6836 7058.1968 2687.2044 0.018 0.019 0.016
TARGET_PRIMARY_panel_r6c02_screw_2_t0	-2740.101 6013.5788 2197.8223 0.015 0.014 0.011
TARGET_PRIMARY_panel_r6c01_screw_3_t0	-2535.4101 5377.8042 1776.7976 0.013 0.012 0.009
TARGET_PRIMARY_panel_r6c01_screw_4_t0	-2976.4241 5156.5348 1781.8646 0.012 0.01 0.008
TARGET_PRIMARY_panel_r5c02_screw_2_t0	-2722.7063 5224.7963 1744.6106 0.013 0.011 0.009
TARGET_PRIMARY_panel_r5c01_screw_1_t0	-2799.5728 5188.9281 1747.1601 0.013 0.011 0.009
TARGET_PRIMARY_panel_r5c02_screw_3_t0	-1974.5689 4821.0486 1362.5111 0.011 0.01 0.008
TARGET_PRIMARY_panel_r6c03_screw_3_t0	-1459.1408 5768.8976 1779.8671 0.015 0.016 0.012
TARGET_PRIMARY_panel_r3c02_screw_4_t0	-1728.7743 3227.0102 671.3884 0.012 0.012 0.01
TARGET_PRIMARY_panel_r2c02_screw_4_t0	-1224.2812 2588.3636 410.415 0.012 0.012 0.012
TARGET_PRIMARY_panel_r4c07_screw_4_t0	600.6812 4405.8126 991.5413 0.009 0.011 0.009
TARGET_PRIMARY_panel_r3c06_screw_1_t0	891.5198 4287.6182 961.6712 0.009 0.01 0.008
TARGET_PRIMARY_panel_r3c06_screw_4_t0	306.8597 3658.8236 675.3944 0.009 0.011 0.009
TARGET_PRIMARY_panel_r2c04_screw_4_t0	-220.3925 2846.771 408.1352 0.011 0.012 0.011
TARGET_PRIMARY_panel_r3c03_screw_4_t0	-1246.9713 3439.3535 670.4848 0.01 0.01 0.009
TARGET_PRIMARY_panel_r2c02_screw_2_t0	-1556.1242 3252.9858 651.3873 0.011 0.011 0.01
TARGET_PRIMARY_panel_r2c03_screw_3_t0	-292.0285 2840.1441 408.121 0.011 0.012 0.011
TARGET_PRIMARY_panel_r2c01_screw_3_t0	-1291.5906 2555.4291 410.4063 0.012 0.012 0.012
TARGET_PRIMARY_panel_r4c07_screw_3_t0	1087.7743 4317.453 994.113 0.009 0.011 0.009
TARGET_PRIMARY_panel_r4c09_screw_3_t0	2131.0145 3906.3594 992.9433 0.009 0.01 0.008
TARGET_PRIMARY_panel_r3c06_screw_3_t0	736.5295 3593.5941 674.1652 0.009 0.011 0.009
TARGET_PRIMARY_panel_r3c07_screw_4_t0	822.9373 3570.1493 672.4516 0.01 0.012 0.01
TARGET_PRIMARY_panel_r2c06_screw_1_t0	1535.0451 3248.5408 646.6758 0.01 0.012 0.01
TARGET_PRIMARY_panel_r3c08_screw_3_t0	1724.702 3231.0299 672.0262 0.01 0.012 0.01
TARGET_PRIMARY_panel_r2c07_screw_2_t0	1607.648 3207.3135 644.8048 0.01 0.013 0.011
TARGET_PRIMARY_panel_r3c09_screw_4_t0	1788.0847 3192.1501 670.6715 0.009 0.012 0.01
TARGET_PRIMARY_panel_r2c03_screw_4_t0	-733.2179 2763.6867 409.2424 0.011 0.012 0.012
TARGET_PRIMARY_panel_r7c02_screw_3_t0	-1776.6147 6429.8593 2239.7856 0.014 0.014 0.011
TARGET_PRIMARY_panel_r7c09_screw_1_t0	2476.3053 6856.7591 2678.5168 0.014 0.022 0.017
TARGET_PRIMARY_panel_r5c04_screw_2_t0	-1545.0481 5687.8292 1745.9238 0.014 0.014 0.011
TARGET_PRIMARY_panel_r5c03_screw_4_t0	-1898.2192 4852.5141 1362.9535 0.012 0.012 0.009
TARGET_PRIMARY_panel_r5c03_screw_2_t0	-2151.724 5479.8481 1741.9325 0.011 0.011 0.009
TARGET_PRIMARY_panel_r1c03_screw_4_t0	-177.9821 2025.2987 206.7919 0.014 0.015 0.016
TARGET_PRIMARY_panel_r1c03_screw_2_t0	-273.0315 2781.3238 391.0003 0.011 0.012 0.012
TARGET_PRIMARY_panel_r2c06_screw_4_t0	811.0582 2737.9199 408.216 0.011 0.013 0.012
TARGET_PRIMARY_panel_r3c07_screw_2_t0	980.2124 4274.2341 964.26 0.009 0.012 0.009
TARGET_PRIMARY_panel_r5c11_screw_3_t0	2902.9072 4336.6125 1367.2192 0.011 0.016 0.012
TARGET_PRIMARY_panel_r4c10_screw_2_t0	2543.0719 4484.4303 1334.1184 0.009 0.012 0.009
TARGET_PRIMARY_panel_r4c09_screw_1_t0	2478.1166 4516.4972 1332.1969 0.009 0.011 0.008
TARGET_PRIMARY_panel_r5c11_screw_4_t0	2477.3176 4585.6622 1363.7398 0.009 0.011 0.009
TARGET_PRIMARY_panel_r5c10_screw_3_t0	2407.7001 4627.9518 1366.2623 0.009 0.011 0.009
TARGET_PRIMARY_panel_r4c09_screw_2_t0	1953.0893 4763.4381 1330.489 0.009 0.012 0.009
TARGET_PRIMARY_panel_r4c08_screw_1_t0	1875.0661 4787.3103 1326.8719 0.009 0.011 0.009
TARGET_PRIMARY_panel_r5c10_screw_4_t0	1971.3792 4826.7091 1364.7512 0.01 0.013 0.01
TARGET_PRIMARY_panel_r5c09_screw_3_t0	1894.3505 4860.04 1365.9159 0.009 0.011 0.009
TARGET_PRIMARY_panel_r4c08_screw_2_t0	1327.1222 4977.1983 1331.9281 0.009 0.012 0.009
TARGET_PRIMARY_panel_r4c06_screw_1_t0	612.9694 5108.9938 1329.0974 0.009 0.011 0.008
TARGET_PRIMARY_panel_r5c08_screw_4_t0	884.6776 5135.5067 1363.2931 0.009 0.011 0.009
TARGET_PRIMARY_panel_r5c11_screw_2_t0	2803.4017 5180.4509 1743.7707 0.01 0.013 0.01
TARGET_PRIMARY_panel_r6c11_screw_3_t0	2987.3461 5153.1649 1783.3936 0.01 0.013 0.01
TARGET_PRIMARY_panel_r5c10_screw_1_t0	2718.6348 5223.8627 1742.9849 0.01 0.013 0.01
TARGET_PRIMARY_panel_r6c11_screw_4_t0	2542.8099 5381.4989 1780.6813 0.01 0.013 0.01
TARGET_PRIMARY_panel_r6c10_screw_3_t0	2465.6333 5419.1545 1781.7317 0.01 0.013 0.01
TARGET_PRIMARY_panel_r5c09_screw_1_t0	2134.558 5481.7716 1739.2151 0.01 0.013 0.01
TARGET_PRIMARY_panel_r6c10_screw_4_t0	2004.5048 5601.8512 1779.2246 0.01 0.013 0.01
TARGET_PRIMARY_panel_r6c08_screw_4_t0	901.2361 5881.3402 1779.468 0.01 0.011 0.009
TARGET_PRIMARY_panel_r6c11_screw_2_t0	2812.6503 5971.3445 2192.6506 0.013 0.02 0.015
TARGET_PRIMARY_panel_r6c10_screw_1_t0	2743.571 6008.9547 2195.9835 0.012 0.016 0.012
TARGET_PRIMARY_panel_r7c10_screw_3_t0	2796.1331 6049.242 2235.355 0.012 0.018 0.014
TARGET_PRIMARY_panel_r6c10_screw_2_t0	2220.9932 6221.2493 2196.0559 0.012 0.016 0.012
TARGET_PRIMARY_panel_r6c09_screw_1_t0	2155.6088 6240.4533 2193.6822 0.011 0.015 0.011
TARGET_PRIMARY_panel_r6c09_screw_1_t1	2138.1184 6246.7712 2193.88 0.011 0.016 0.012
TARGET_PRIMARY_panel_r5c10_screw_2_t0	2222.5294 5449.1084 1740.5085 0.01 0.013 0.01
TARGET_PRIMARY_panel_r7c10_screw_4_t0	2335.9011 6243.9016 2236.8918 0.012 0.017 0.013
TARGET_PRIMARY_panel_r7c09_screw_3_t0	2255.86 6273.6618 2237.1807 0.013 0.019 0.014
TARGET_PRIMARY_panel_r4c07_screw_1_t0	1261.6201 4994.6978 1332.1732 0.01 0.012 0.009
TARGET_PRIMARY_panel_r5c09_screw_4_t0	1429.2613 5007.8984 1361.5952 0.011 0.014 0.01
TARGET_PRIMARY_panel_r5c08_screw_3_t0	1355.2252 5031.6492 1363.2315 0.01 0.012 0.009
TARGET_PRIMARY_panel_r4c07_screw_2_t0	689.7873 5101.5151 1330.2544 0.01 0.012 0.009
TARGET_PRIMARY_panel_r4c06_screw_2_t0	42.5951 5149.102 1331.0228 0.01 0.012 0.009
TARGET_PRIMARY_panel_r6c09_screw_3_t0	1933.8481 5629.7546 1781.0014 0.01 0.013 0.01
TARGET_PRIMARY_panel_r6c09_screw_4_t0	1451.1032 5762.3362 1774.8187 0.01 0.013 0.01
TARGET_PRIMARY_panel_r1c03_screw_1_t0	274.0776 2779.2733 390.452 0.011 0.013 0.012
TARGET_PRIMARY_panel_r1c04_screw_2_t0	342.1812 2772.6435 390.7255 0.012 0.014 0.013
TARGET_PRIMARY_panel_r2c05_screw_4_t0	296.0975 2842.8117 408.9526 0.011 0.013 0.012
TARGET_PRIMARY_panel_r1c04_screw_1_t0	881.4893 2650.2494 390.5208 0.011 0.014 0.013
TARGET_PRIMARY_panel_r2c03_screw_1_t0	-368.899 3580.5798 649.0992 0.011 0.011 0.01
TARGET_PRIMARY_panel_r3c04_screw_3_t0	-308.03 3658.5805 675.3418 0.011 0.012 0.01
TARGET_PRIMARY_panel_r4c08_screw_4_t0	1151.288 4297.1217 992.4716 0.009 0.011 0.008
TARGET_PRIMARY_panel_r5c04_screw_4_t0	-1360.378 5035.3804 1365.8207 0.01 0.01 0.008
TARGET_PRIMARY_panel_r4c06_screw_4_t0	41.01 4442.6932 989.8281 0.01 0.011 0.009
TARGET_PRIMARY_panel_r4c04_screw_4_t0	-1087.477 4314.4252 992.7705 0.009 0.01 0.008
TARGET_PRIMARY_panel_r3c05_screw_2_t0	-276.0148 4373.0074 962.7256 0.009 0.01 0.008
TARGET_PRIMARY_panel_r3c05_screw_4_t0	-223.3911 3666.7048 676.0383 0.011 0.012 0.01
TARGET_PRIMARY_panel_r4c10_screw_4_t0	2199.882 3864.108 991.4279 0.009 0.011 0.009
TARGET_PRIMARY_panel_r2c06_screw_2_t0	1007.1137 3453.797 648.4 0.01 0.012 0.01
TARGET_PRIMARY_panel_r3c08_screw_4_t0	1322.1351 3421.8042 674.1467 0.009 0.011 0.009
TARGET_PRIMARY_panel_r1c02_screw_1_t0	-350.3862 2776.3744 392.0384 0.012 0.013 0.012
TARGET_PRIMARY_panel_r1c05_screw_2_t0	945.7703 2630.0697 391.0256 0.011 0.013 0.013
TARGET_PRIMARY_panel_r2c05_screw_2_t0	364.4211 3577.531 647.7892 0.009 0.011 0.009
TARGET_PRIMARY_panel_r4c03_screw_3_t0	-1157.6719 4293.4999 991.6043 0.01 0.01 0.008
TARGET_PRIMARY_panel_r3c09_screw_2_t0	2135.9153 3825.311 962.4896 0.009 0.012 0.01
TARGET_PRIMARY_panel_r3c08_screw_1_t0	2064.9932 3858.594 960.3633 0.009 0.012 0.009
TARGET_PRIMARY_panel_r3c08_screw_2_t0	1570.7985 4088.6806 961.9588 0.01 0.012 0.01
TARGET_PRIMARY_panel_r4c09_screw_4_t0	1696.3061 4116.1089 993.901 0.01 0.012 0.01
TARGET_PRIMARY_panel_r4c08_screw_3_t0	1617.6961 4147.5503 993.8623 0.009 0.011 0.009
TARGET_PRIMARY_panel_r4c06_screw_3_t0	519.812 4419.5669 993.0703 0.009 0.011 0.008
TARGET_PRIMARY_panel_r4c05_screw_3_t0	-49.3824 4447.3715 992.0028 0.01 0.012 0.009
TARGET_PRIMARY_panel_r3c07_screw_1_t0	1494.1629 4118.874 962.5533 0.009 0.011 0.009
TARGET_PRIMARY_panel_r3c04_screw_4_t0	-742.2096 3590.8775 673.5555 0.011 0.011 0.01
TARGET_PRIMARY_panel_r2c05_screw_1_t0	935.6027 3474.3109 648.5588 0.01 0.012 0.01
TARGET_PRIMARY_panel_r3c07_screw_3_t0	1243.2051 3453.0677 674.8101 0.009 0.011 0.01
TARGET_PRIMARY_panel_r3c03_screw_3_t0	-818.4743 3573.7421 673.3909 0.011 0.012 0.01
TARGET_PRIMARY_panel_r3c05_screw_3_t0	213.8919 3668.3322 676.4777 0.01 0.012 0.01
TARGET_PRIMARY_panel_r2c01_screw_1_t0	-1616.3436 3223.4517 651.4198 0.011 0.011 0.01
TARGET_PRIMARY_panel_r4c03_screw_1_t0	-1330.5546 4966.1282 1326.836 0.012 0.012 0.009
TARGET_PRIMARY_panel_r2c02_screw_1_t0	-1007.933 3456.9087 649.4926 0.01 0.011 0.01
TARGET_PRIMARY_panel_r8c07_screw_2_t0	1276.2001 7868.7933 3207.6588 0.018 0.026 0.021
TARGET_PRIMARY_panel_r8c06_screw_1_t0	1196.7527 7876.8054 3204.0556 0.019 0.026 0.021
TARGET_PRIMARY_panel_r8c07_screw_3_t0	1676.3926 7163.5957 2728.3768 0.015 0.022 0.017
TARGET_PRIMARY_panel_r7c09_screw_2_t0	1944.9756 7030.9225 2682.0888 0.015 0.022 0.017
TARGET_PRIMARY_panel_r8c07_screw_4_t0	1186.1997 7266.1652 2732.2792 0.016 0.022 0.017
TARGET_PRIMARY_panel_r8c06_screw_3_t0	1111.7325 7280.7448 2734.3483 0.016 0.022 0.018
TARGET_PRIMARY_panel_r7c08_screw_2_t0	1314.7517 7174.5123 2681.3399 0.015 0.022 0.017
TARGET_PRIMARY_panel_r8c05_screw_3_t0	536.1077 7337.5519 2728.3091 0.016 0.02 0.016
TARGET_PRIMARY_panel_r7c07_screw_2_t0	678.035 7262.7376 2681.6021 0.016 0.021 0.016
TARGET_PRIMARY_panel_r7c06_screw_1_t0	600.9705 7273.2619 2684.3598 0.016 0.02 0.016
TARGET_PRIMARY_panel_r8c05_screw_4_t0	38.7213 7355.6201 2727.3056 0.016 0.019 0.016
TARGET_PRIMARY_panel_r7c06_screw_2_t0	41.2583 7294.298 2681.6142 0.016 0.02 0.016
TARGET_PRIMARY_panel_r8c04_screw_4_t0	-531.3332 7349.8023 2737.2007 0.017 0.02 0.016
TARGET_PRIMARY_panel_r7c05_screw_1_t0	-40.4351 7293.9899 2681.4281 0.016 0.019 0.016
TARGET_PRIMARY_panel_r7c05_screw_2_t0	-598.553 7268.5252 2680.7434 0.018 0.02 0.017
TARGET_PRIMARY_panel_r8c02_screw_3_t0	-1181.2206 7262.0545 2728.5682 0.02 0.021 0.017
TARGET_PRIMARY_panel_r7c04_screw_2_t0	-1244.9673 7196.3763 2688.1992 0.019 0.021 0.017
TARGET_PRIMARY_panel_r7c03_screw_1_t0	-1319.859 7179.1011 2685.3872 0.02 0.021 0.017
TARGET_PRIMARY_panel_r7c08_screw_3_t0	1703.8773 6448.8599 2239.3532 0.013 0.018 0.014
TARGET_PRIMARY_panel_r7c08_screw_4_t0	1199.8297 6555.9607 2235.7505 0.013 0.018 0.013
TARGET_PRIMARY_panel_r7c07_screw_4_t0	622.8352 6634.5845 2235.0237 0.013 0.017 0.013
TARGET_PRIMARY_panel_r7c06_screw_3_t0	545.5625 6641.6635 2235.2081 0.013 0.016 0.012
TARGET_PRIMARY_panel_r7c06_screw_4_t0	37.918 6668.8082 2238.4714 0.014 0.017 0.013
TARGET_PRIMARY_panel_r6c08_screw_2_t0	987.9595 6533.3341 2197.2983 0.013 0.017 0.013
TARGET_PRIMARY_panel_r6c07_screw_2_t0	360.9718 6592.8865 2194.0486 0.012 0.015 0.012
TARGET_PRIMARY_panel_r6c06_screw_1_t0	277.5383 6599.771 2195.9629 0.012 0.015 0.012
TARGET_PRIMARY_panel_r6c06_screw_2_t0	-278.5044 6596.4199 2193.6762 0.013 0.015 0.012
TARGET_PRIMARY_panel_r6c05_screw_1_t0	-361.1829 6591.9461 2193.4025 0.013 0.015 0.012
TARGET_PRIMARY_panel_r6c06_screw_3_t0	251.7976 5945.9184 1780.2446 0.011 0.013 0.01
TARGET_PRIMARY_panel_r6c07_screw_4_t0	326.017 5942.0999 1780.1396 0.011 0.013 0.01
TARGET_PRIMARY_panel_r6c05_screw_3_t0	-333.2886 5946.3513 1782.8913 0.011 0.013 0.01
TARGET_PRIMARY_panel_r6c04_screw_3_t0	-898.0888 5879.2984 1777.944 0.012 0.013 0.01
TARGET_PRIMARY_panel_r5c07_screw_2_t0	361.9182 5874.2487 1740.8138 0.011 0.012 0.009
TARGET_PRIMARY_panel_r6c04_screw_4_t0	-1385.6755 5787.9364 1780.3525 0.012 0.013 0.01
TARGET_PRIMARY_panel_r5c07_screw_1_t0	912.242 5816.9782 1742.4379 0.01 0.012 0.009
TARGET_PRIMARY_panel_r6c02_screw_3_t0	-1996.9599 5603.6903 1778.7879 0.012 0.012 0.009
TARGET_PRIMARY_panel_r5c08_screw_1_t0	1527.2565 5682.7209 1740.2612 0.01 0.013 0.01
TARGET_PRIMARY_panel_r8c05_screw_2_t0	41.7987 7966.8879 3203.9022 0.019 0.024 0.021
TARGET_PRIMARY_panel_r8c06_screw_4_t0	609.1767 7328.65 2725.9034 0.016 0.021 0.017
TARGET_PRIMARY_panel_r8c04_screw_3_t0	-52.6903 7357.5438 2728.787 0.016 0.019 0.016
TARGET_PRIMARY_panel_r3c04_screw_1_t0	-340.0737 4369.8571 963.2808 0.011 0.013 0.01
TARGET_PRIMARY_panel_r4c03_screw_4_t0	-1625.104 4138.8713 991.4493 0.011 0.011 0.009
TARGET_PRIMARY_panel_r3c05_screw_1_t0	272.7888 4374.5718 963.3303 0.011 0.013 0.01
TARGET_PRIMARY_panel_r3c01_screw_3_t0	-1783.2569 3197.4751 671.5135 0.012 0.012 0.01
TARGET_PRIMARY_panel_r2c02_screw_3_t0	-804.1528 2743.1328 409.0664 0.013 0.013 0.013
TARGET_PRIMARY_panel_r2c05_screw_3_t0	733.1193 2758.7026 407.8533 0.014 0.018 0.016
TARGET_PRIMARY_panel_r6c07_screw_3_t0	813.1497 5892.2744 1778.3921 0.01 0.012 0.01
TARGET_PRIMARY_panel_r5c06_screw_1_t0	271.7087 5881.2011 1742.0926 0.011 0.014 0.01
TARGET_PRIMARY_panel_r5c06_screw_2_t0	-278.771 5880.4589 1741.8559 0.012 0.014 0.01
TARGET_PRIMARY_panel_r5c03_screw_1_t0	-1613.6708 5665.0884 1743.8408 0.014 0.014 0.011
TARGET_PRIMARY_panel_r6c02_screw_4_t0	-2468.1044 5415.7716 1780.4754 0.013 0.012 0.009
TARGET_PRIMARY_panel_r5c02_screw_1_t0	-2219.7284 5454.5668 1742.9287 0.012 0.012 0.009
TARGET_PRIMARY_panel_r5c01_screw_4_t0	-2891.0605 4337.3936 1364.0703 0.015 0.012 0.01
TARGET_PRIMARY_panel_r4c02_screw_3_t0	-1695.1145 4118.4824 994.6695 0.012 0.012 0.009
TARGET_PRIMARY_panel_r5c08_screw_2_t0	996.1947 5803.1353 1742.4539 0.01 0.012 0.009
TARGET_PRIMARY_panel_r6c07_screw_1_t0	914.5124 6546.9196 2199.1836 0.013 0.017 0.013
TARGET_PRIMARY_panel_r1c04_screw_3_t0	626.0761 1938.4919 207.6183 0.015 0.017 0.017
TARGET_PRIMARY_panel_r2c07_screw_4_t0	1287.1695 2545.7648 407.393 0.011 0.014 0.013
TARGET_PRIMARY_panel_r1c01_screw_1_t0	-950.2099 2629.0556 391.2308 0.013 0.014 0.013
TARGET_PRIMARY_panel_r5c07_screw_4_t0	328.038 5201.0278 1363.3603 0.01 0.012 0.009
TARGET_PRIMARY_panel_r4c02_screw_1_t0	-1957.1835 4762.8391 1330.9803 0.013 0.012 0.009
TARGET_PRIMARY_panel_r5c01_screw_3_t0	-2479.8923 4582.5384 1362.9597 0.015 0.013 0.01
TARGET_PRIMARY_panel_r4c02_screw_2_t0	-2476.6087 4518.8386 1332.9212 0.014 0.012 0.01
TARGET_PRIMARY_panel_r5c09_screw_2_t0	1613.3708 5664.5973 1743.5277 0.01 0.013 0.01
TARGET_PRIMARY_panel_r5c06_screw_3_t0	245.7788 5210.2958 1365.8939 0.01 0.012 0.009
TARGET_PRIMARY_panel_r5c06_screw_4_t0	-247.149 5207.8991 1364.6599 0.011 0.012 0.009
TARGET_PRIMARY_panel_r5c05_screw_3_t0	-319.6623 5198.7411 1361.9903 0.011 0.012 0.009
TARGET_PRIMARY_panel_r5c07_screw_3_t0	805.9847 5150.4211 1364.3804 0.01 0.013 0.009
TARGET_PRIMARY_panel_r4c04_screw_1_t0	-691.6884 5097.672 1328.5225 0.012 0.013 0.01
TARGET_PRIMARY_panel_r4c05_screw_2_t0	-611.915 5113.5971 1331.4435 0.013 0.014 0.01
TARGET_PRIMARY_panel_r5c04_screw_3_t0	-887.4097 5128.5967 1359.9366 0.012 0.013 0.009
TARGET_PRIMARY_panel_r5c05_screw_2_t0	-915.7798 5813.9364 1740.9929 0.013 0.014 0.011
TARGET_PRIMARY_panel_r6c05_screw_4_t0	-822.7767 5883.3078 1773.7949 0.013 0.015 0.011
TARGET_PRIMARY_panel_r6c03_screw_1_t0	-1625.5963 6395.7682 2191.5774 0.017 0.017 0.013
TARGET_PRIMARY_panel_r6c04_screw_2_t0	-1538.2109 6420.0942 2193.403 0.016 0.017 0.013
TARGET_PRIMARY_panel_r6c04_screw_1_t0	-995.9693 6528.0126 2194.5448 0.016 0.018 0.014
TARGET_PRIMARY_panel_r7c03_screw_3_t0	-1204.2266 6550.2789 2232.4586 0.016 0.018 0.014
TARGET_PRIMARY_panel_r7c04_screw_3_t0	-633.0907 6634.8647 2235.8669 0.015 0.018 0.014
TARGET_PRIMARY_panel_r7c05_screw_3_t0	-39.6789 6666.8686 2237.1883 0.014 0.018 0.014
TARGET_PRIMARY_panel_r7c02_screw_1_t0	-1942.1628 7036.2882 2685.4376 0.021 0.021 0.017
TARGET_PRIMARY_panel_r7c04_screw_1_t0	-686.4206 7255.2981 2676.6402 0.019 0.022 0.017
TARGET_PRIMARY_panel_r8c04_screw_1_t0	-43.9223 7965.4233 3202.7487 0.019 0.024 0.02
TARGET_PRIMARY_panel_r4c01_screw_1_t0	-2544.1854 4475.4479 1330.3992 0.015 0.013 0.01
TARGET_PRIMARY_panel_r5c02_screw_4_t0	-2420.2517 4620.5286 1365.8231 0.012 0.011 0.009
TARGET_PRIMARY_panel_r4c03_screw_2_t0	-1883.5164 4789.4074 1329.5291 0.014 0.013 0.01
TARGET_PRIMARY_panel_r8c03_screw_2_t0	-1203.4527 7876.6926 3204.8832 0.024 0.026 0.022
TARGET_PRIMARY_panel_r5c04_screw_1_t0	-992.0513 5803.8604 1742.4445 0.014 0.015 0.011
TARGET_PRIMARY_panel_r5c05_screw_1_t0	-355.2076 5877.7027 1742.6352 0.012 0.014 0.011
TARGET_PRIMARY_panel_r6c08_screw_3_t0	1375.4199 5783.8308 1776.5879 0.011 0.015 0.011
TARGET_PRIMARY_panel_r6c09_screw_2_t0	1620.0624 6404.0348 2196.0546 0.014 0.02 0.015
TARGET_PRIMARY_panel_r6c08_screw_1_t0	1532.942 6420.6011 2192.9176 0.015 0.021 0.016
TARGET_PRIMARY_panel_r7c09_screw_4_t0	1775.349 6425.3018 2236.5709 0.013 0.018 0.013
TARGET_PRIMARY_panel_r7c07_screw_3_t0	1125.9255 6571.5254 2237.3653 0.014 0.02 0.015
TARGET_PRIMARY_panel_r7c08_screw_1_t0	1871.7654 7051.5725 2682.6768 0.016 0.025 0.019
TARGET_PRIMARY_panel_r7c07_screw_1_t0	1241.7957 7189.2657 2682.6647 0.017 0.025 0.019
TARGET_PRIMARY_panel_r8c08_screw_4_t0	1750.1258 7144.8078 2727.5621 0.015 0.022 0.017
TARGET_PRIMARY_panel_r6c06_screw_4_t0	-246.0304 5952.5925 1784.0442 0.012 0.015 0.011
TARGET_PRIMARY_panel_r4c05_screw_1_t0	-46.8436 5143.6614 1328.2276 0.012 0.014 0.01
TARGET_PRIMARY_panel_r5c05_screw_4_t0	-811.497 5141.6166 1360.2234 0.012 0.013 0.01
TARGET_PRIMARY_panel_r5c03_screw_3_t0	-1442.5327 5006.4715 1362.7608 0.011 0.011 0.009
TARGET_PRIMARY_panel_r2c04_screw_1_t0	290.1249 3588.7941 649.4162 0.011 0.013 0.011
TARGET_PRIMARY_panel_r2c03_screw_2_t0	-934.0806 3480.5573 650.6046 0.012 0.012 0.011
TARGET_PRIMARY_panel_r2c04_screw_3_t0	227.0208 2847.0461 408.377 0.012 0.014 0.013
TARGET_PRIMARY_panel_r1c02_screw_2_t0	-891.5059 2641.7728 389.1431 0.013 0.014 0.013
TARGET_PRIMARY_panel_r2c06_screw_3_t0	1217.3497 2580.5527 407.5745 0.012 0.016 0.014
TARGET_PRIMARY_panel_r1c05_screw_4_t0	698.4602 1916.0339 208.091 0.017 0.02 0.02
TARGET_PRIMARY_panel_r3c04_screw_2_t0	-895.5481 4288.9386 962.5823 0.012 0.013 0.01
TARGET_PRIMARY_panel_r3c02_screw_1_t0	-1571.5352 4094.4031 964.4285 0.013 0.013 0.01
TARGET_PRIMARY_panel_r4c02_screw_4_t0	-2136.3703 3898.2406 990.8259 0.012 0.012 0.01
TARGET_PRIMARY_panel_r3c02_screw_2_t0	-2069.6567 3863.0164 963.0241 0.014 0.013 0.01
TARGET_PRIMARY_panel_r1c01_screw_4_t0	-1025.5732 1753.5167 206.4543 0.02 0.021 0.022
TARGET_PRIMARY_panel_r2c04_screw_2_t0	-297.5489 3591.6669 650.7012 0.011 0.013 0.01
TARGET_PRIMARY_panel_r3c03_screw_2_t0	-1500.6372 4122.1201 964.9785 0.013 0.014 0.01
TARGET_PRIMARY_panel_r3c06_screw_2_t0	351.5087 4369.4562 963.5703 0.011 0.014 0.01
TARGET_PRIMARY_panel_r4c04_screw_3_t0	-604.4738 4405.5025 991.5897 0.011 0.012 0.01
TARGET_PRIMARY_panel_r4c05_screw_4_t0	-524.2936 4414.5386 991.1072 0.011 0.013 0.01
TARGET_PRIMARY_panel_r6c03_screw_4_t0	-1933.1176 5632.4394 1782.5167 0.014 0.014 0.011
TARGET_PRIMARY_panel_r4c04_screw_2_t0	-1255.96 4990.1122 1329.181 0.012 0.012 0.009
TARGET_PRIMARY_panel_r3c02_screw_3_t0	-1310.4712 3414.991 670.2701 0.012 0.012 0.01
TARGET_PRIMARY_panel_r1c05_screw_3_t0	1035.056 1750.7005 206.9575 0.02 0.02 0.021
TARGET_PRIMARY_panel_r3c03_screw_1_t0	-973.2956 4279.9674 966.051 0.012 0.013 0.01
TARGET_PRIMARY_panel_r3c01_screw_1_t0	-2135.9611 3822.8684 961.5352 0.014 0.013 0.01
TARGET_PRIMARY_panel_r4c01_screw_3_t0	-2200.0752 3861.8114 990.5579 0.012 0.011 0.009
TARGET_PRIMARY_panel_r1c04_screw_4_t0	266.633 2020.0943 207.7497 0.02 0.018 0.027
TARGET_PRIMARY_panel_r1c03_screw_3_t0	191.4924 2024.4216 206.9146 0.053 0.026 0.068
TARGET_PRIMARY_panel_r1c01_screw_3_t0	-697.8275 1910.8898 207.0531 0.019 0.016 0.025
TARGET_PRIMARY_panel_r1c05_screw_1_t0	1433.1375 2370.2514 383.9988 0.014 0.014 0.023
TARGET_PRIMARY_panel_r1c01_screw_2_t0	-1419.6983 2367.0932 381.3665 0.013 0.012 0.018
TARGET_PRIMARY_panel_r2c01_screw_4_t0	-1671.0488 2352.8058 416.97 0.018 0.016 0.024
TARGET_PRIMARY_panel_r2c07_screw_3_t0	1652.3604 2328.3557 408.0285 0.13 0.0611 0.217
TARGET_PRIMARY_panel_r2c07_screw_1_t0	2109.1289 2900.8897 644.3913 0.014 0.015 0.019
TARGET_PRIMARY_panel_r2c01_screw_2_t0	-2124.6383 2916.9503 652.444 0.014 0.016 0.021
TARGET_PRIMARY_panel_r3c09_screw_3_t0	2177.4684 2958.5191 675.983 0.014 0.016 0.02
TARGET_PRIMARY_panel_r3c01_screw_4_t0	-2186.6016 2988.5796 687.0426 0.015 0.018 0.022
TARGET_PRIMARY_panel_r3c01_screw_2_t0	-2579.1464 3492.0483 944.9899 0.01 0.012 0.013
TARGET_PRIMARY_panel_r3c09_screw_1_t0	2580.3354 3546.2077 964.4219 0.015 0.021 0.021
TARGET_PRIMARY_panel_r4c01_screw_4_t0	-2651.508 3629.3057 1013.0876 0.016 0.02 0.021
TARGET_PRIMARY_panel_r4c10_screw_3_t0	2602.3752 3609.7821 993.0099 0.014 0.018 0.018
TARGET_PRIMARY_panel_r4c01_screw_2_t0	-2996.2664 4137.1906 1309.7324 0.013 0.017 0.016
TARGET_PRIMARY_panel_r5c01_screw_2_t0	-3230.1212 4860.7768 1711.6611 0.012 0.017 0.012
TARGET_PRIMARY_panel_r7c01_screw_2_t0	-3027.3602 6623.4169 2672.8461 0.024 0.044 0.015
TARGET_PRIMARY_panel_r7c01_screw_1_t0	-2551.3301 6831.9532 2680.4473 0.015 0.031 0.012
TARGET_PRIMARY_panel_r7c02_screw_2_t0	-2469.5727 6862.1605 2680.7165 0.017 0.037 0.013
TARGET_PRIMARY_panel_r8c01_screw_2_t0	-2413.1065 7591.1031 3202.6894 0.018 0.043 0.014
TARGET_PRIMARY_panel_r8c01_screw_2_t1	-2399.7266 7555.9852 3172.3583 0.018 0.041 0.014
TARGET_PRIMARY_panel_r8c01_screw_4_t0	-2218.6657 7020.748 2732.6895 0.012 0.027 0.011
TARGET_PRIMARY_panel_r8c03_screw_1_t0	-670.7918 7936.265 3202.0888 0.032 0.184 0.0289
TARGET_PRIMARY_panel_r8c04_screw_2_t0	-583.9576 7943.8422 3202.4962 0.022 0.106 0.02
TARGET_PRIMARY_panel_r8c05_screw_1_t0	581.9377 7942.0786 3201.0811 0.01 0.041 0.012
TARGET_PRIMARY_panel_r8c06_screw_2_t0	667.1047 7936.8702 3202.2156 0.011 0.037 0.012
TARGET_PRIMARY_panel_r6c11_screw_1_t0	3291.1562 5707.6343 2184.6006 0.012 0.023 0.012
TARGET_PRIMARY_panel_r5c11_screw_1_t0	3243.4983 4861.2343 1716.3383 0.014 0.023 0.016
TARGET_PRIMARY_panel_r4c10_screw_1_t0	3010.5205 4147.7647 1318.4711 0.014 0.021 0.018
TARGET_PRIMARY_panel_r7c10_screw_1_t0	3047.2836 6588.686 2655.7102 0.018 0.039 0.015
TARGET_PRIMARY_panel_r8c08_screw_1_t0	2407.9188 7586.5721 3197.9161 0.013 0.033 0.012
TARGET_PRIMARY_panel_r8c08_screw_1_t1	2404.1827 7539.4695 3160.7063 0.014 0.039 0.013
TARGET_PRIMARY_panel_r8c08_screw_2_t0	1893.2372 7745.1925 3209.0352 0.013 0.037 0.012
TARGET_PRIMARY_panel_r8c07_screw_1_t0	1826.2991 7764.3989 3211.5363 0.011 0.03 0.011
TARGET_PRIMARY_panel_r8c01_screw_1_t0	-1889.5322 7742.9824 3206.5333 0.025 0.068 0.021
TARGET_PRIMARY_panel_r8c02_screw_2_t0	-1819.9026 7758.0411 3205.2629 0.025 0.07 0.019
TARGET_PRIMARY_panel_r8c08_screw_3_t0	2216.4528 7014.3857 2727.7209 0.01 0.024 0.01
TARGET_PRIMARY_panel_r6c01_screw_2_t0	-3268.4619 5703.2286 2174.4571 0.009 0.016 0.009
TARGET_PRIMARY_panel_r1c02_screw_3_t0	-265.5201 2022.7568 208.2063 0.019 0.017 0.027
TARGET_PRIMARY_panel_r1c02_screw_4_t0	-624.0313 1931.8875 206.2286 0.022 0.019 0.03
TARGET_PRIMARY_panel_r8c02_screw_1_t0	-1278.4999 7868.0082 3207.5734 0.013 0.039 0.013
