CODE137	-2228.337	437.595	-630.328	0.004	0.003	0.003	0.000
CODE139	-1769.035	-620.427	-335.389	0.004	0.003	0.003	0.000
CODE140	-1996.795	-91.704	-481.510	0.004	0.003	0.003	0.000
CODE141	-1998.102	753.337	137.160	0.004	0.003	0.004	0.000
CODE142	-1537.984	-304.036	434.008	0.004	0.003	0.003	0.000
CODE149	-1807.781	-34.811	-0.479	0.004	0.003	0.003	0.000
CODE150	-1756.346	87.678	209.599	0.004	0.003	0.003	0.000
CODE151	-2056.976	547.832	-151.692	0.004	0.003	0.003	0.000
CODE152	-1686.765	-113.952	224.507	0.004	0.003	0.003	0.000
CODE157	-1956.799	138.011	-220.662	0.004	0.003	0.003	0.000
CODE200	-1880.062	27.011	-123.505	0.004	0.003	0.003	0.000
NUGGET137_3	-2225.428	421.046	-635.791	0.004	0.003	0.003	0.000
NUGGET137_6	-2219.304	421.846	-620.997	0.004	0.003	0.003	0.000
NUGGET137_15	-2224.427	444.124	-616.470	0.004	0.002	0.003	0.000
NUGGET137_A	-2215.308	427.522	-607.576	0.004	0.003	0.003	0.000
NUGGET137_B	-2234.668	451.213	-635.008	0.004	0.003	0.003	0.000
NUGGET137_C	-2238.646	445.586	-648.392	0.004	0.003	0.003	0.000
NUGGET137_D	-2232.769	432.314	-644.537	0.004	0.003	0.003	0.000
TARGET1	-1807.391	-241.876	-150.094	0.003	0.002	0.003	0.000
TARGET2	-1905.912	-299.981	-421.638	0.003	0.002	0.002	0.000
TARGET3	-1896.756	-321.301	-415.846	0.003	0.002	0.002	0.000
TARGET4	-1903.525	-263.392	-389.470	0.003	0.002	0.002	0.000
TARGET5	-1894.382	-284.671	-383.648	0.003	0.002	0.002	0.000
TARGET6	-1847.696	-437.646	-386.088	0.003	0.002	0.002	0.000
TARGET7	-1836.471	-421.613	-348.330	0.003	0.002	0.002	0.000
TARGET8	-1835.066	-248.260	-219.138	0.003	0.002	0.002	0.000
TARGET9	-1812.418	-277.661	-187.745	0.003	0.002	0.003	0.000
TARGET10	-1828.508	-239.807	-197.712	0.003	0.002	0.003	0.000
TARGET11	-1818.966	-286.111	-209.149	0.003	0.002	0.003	0.000
TARGET12	-1900.140	-292.347	-402.650	0.003	0.002	0.002	0.000
TARGET13	-1845.688	-400.574	-354.550	0.003	0.002	0.002	0.000
TARGET14	-1856.906	-416.627	-392.282	0.003	0.002	0.002	0.000
TARGET15	-1787.026	-482.952	-277.605	0.003	0.002	0.003	0.000
TARGET16	-1832.846	-450.769	-361.048	0.003	0.002	0.003	0.000
TARGET17	-1829.144	-480.037	-373.649	0.003	0.002	0.002	0.000
TARGET18	-1827.046	-267.131	-214.153	0.003	0.002	0.003	0.000
TARGET19	-1921.823	-220.798	-401.062	0.003	0.002	0.002	0.000
TARGET20	-1793.508	-491.528	-298.966	0.003	0.002	0.002	0.000
TARGET21	-1866.175	-395.435	-398.490	0.003	0.002	0.003	0.000
TARGET22	-1885.223	-305.998	-377.856	0.003	0.002	0.003	0.000
TARGET23	-1933.386	-236.092	-439.044	0.003	0.002	0.003	0.000
TARGET24	-1932.494	-136.489	-364.460	0.003	0.002	0.003	0.000
TARGET25	-1927.598	-228.478	-420.063	0.003	0.002	0.003	0.000
TARGET26	-1918.034	-145.286	-337.222	0.003	0.002	0.003	0.000
TARGET27	-1912.675	-242.126	-395.286	0.003	0.002	0.002	0.000
TARGET28	-1909.302	-271.062	-408.491	0.003	0.002	0.002	0.000
TARGET29	-1912.053	-135.595	-316.219	0.003	0.002	0.003	0.000
TARGET30	-1909.609	-163.774	-331.133	0.003	0.002	0.002	0.000
TARGET31	-1897.650	-144.498	-289.213	0.003	0.002	0.003	0.000
TARGET32	-1891.636	-134.822	-268.180	0.003	0.002	0.003	0.000
TARGET33	-1766.679	-50.822	84.078	0.003	0.002	0.003	0.000
TARGET34	-1669.790	6.580	352.631	0.003	0.003	0.003	0.000
TARGET35	-1757.491	-72.100	89.987	0.003	0.002	0.003	0.000
TARGET36	-1742.694	-85.470	114.782	0.003	0.002	0.003	0.000
TARGET37	-1724.293	-128.122	126.602	0.003	0.002	0.003	0.000
TARGET38	-1748.917	-172.616	36.562	0.003	0.002	0.003	0.000
TARGET39	-1800.815	-233.356	-128.632	0.003	0.002	0.003	0.000
TARGET40	-1740.781	-191.368	41.909	0.003	0.002	0.003	0.000
TARGET41	-1747.061	-200.122	20.818	0.003	0.002	0.003	0.000
TARGET42	-1753.364	-208.900	-0.335	0.003	0.002	0.003	0.000
TARGET43	-1759.749	-217.800	-21.702	0.003	0.002	0.003	0.000
TARGET44	-1732.615	-210.135	47.284	0.003	0.002	0.003	0.000
TARGET45	-1738.900	-218.883	26.210	0.003	0.002	0.003	0.000
TARGET46	-1751.576	-236.613	-16.323	0.003	0.002	0.003	0.000
TARGET47	-1587.134	-175.225	413.214	0.003	0.003	0.003	0.000
TARGET48	-1729.104	-321.881	-25.880	0.003	0.002	0.003	0.000
TARGET49	-1647.385	-264.435	206.931	0.003	0.002	0.003	0.000
TARGET50	-1653.666	-273.207	185.774	0.003	0.002	0.003	0.000
TARGET51	-1659.956	-281.983	164.703	0.003	0.002	0.003	0.000
TARGET52	-1666.268	-290.874	143.519	0.003	0.002	0.003	0.000
TARGET53	-1719.967	-343.193	-20.039	0.003	0.002	0.003	0.000
TARGET54	-1725.705	-350.866	-38.999	0.003	0.002	0.003	0.000
TARGET55	-1573.663	-225.379	408.081	0.003	0.003	0.003	0.000
TARGET56	-1645.481	-292.022	191.242	0.003	0.002	0.003	0.000
TARGET57	-1651.783	-300.774	170.140	0.003	0.002	0.003	0.000
TARGET58	-1658.085	-309.663	148.989	0.003	0.003	0.003	0.000
TARGET59	-1637.265	-310.919	196.702	0.003	0.003	0.003	0.000
TARGET60	-1692.569	-407.025	-2.498	0.003	0.002	0.003	0.000
TARGET61	-1596.588	-154.225	406.395	0.003	0.003	0.003	0.000
TARGET62	-1577.719	-196.104	420.019	0.003	0.003	0.003	0.000
TARGET63	-1601.920	-162.718	387.697	0.003	0.003	0.003	0.000
TARGET64	-1558.915	-237.812	433.590	0.003	0.003	0.003	0.000
TARGET65	-1607.215	-171.163	369.125	0.003	0.003	0.003	0.000
TARGET66	-1588.283	-213.055	382.793	0.003	0.003	0.003	0.000
TARGET67	-1578.963	-233.817	389.491	0.003	0.003	0.003	0.000
TARGET68	-1632.830	-274.355	233.742	0.003	0.002	0.003	0.000
TARGET69	-1755.214	-181.356	15.473	0.003	0.002	0.003	0.000
TARGET70	-1941.025	108.525	-205.949	0.003	0.002	0.003	0.000
TARGET71	-1665.243	-23.080	341.538	0.003	0.003	0.003	0.000
TARGET72	-1727.812	-98.972	139.715	0.003	0.002	0.003	0.000
TARGET73	-1815.438	-222.948	-155.098	0.003	0.002	0.003	0.000
TARGET74	-1761.545	-190.156	-5.680	0.003	0.002	0.003	0.000
TARGET75	-1767.930	-199.029	-27.063	0.003	0.002	0.003	0.000
TARGET76	-1734.844	-329.549	-44.835	0.003	0.002	0.003	0.000
TARGET77	-1639.202	-283.225	212.380	0.003	0.003	0.003	0.000
TARGET78	-1643.552	-319.715	175.591	0.003	0.002	0.003	0.000
TARGET79	-1649.890	-328.560	154.377	0.003	0.002	0.003	0.000
TARGET80	-1707.440	-393.436	-27.315	0.003	0.002	0.003	0.000
TARGET81	-1568.334	-216.897	426.817	0.003	0.003	0.003	0.000
TARGET82	-1597.752	-192.108	375.951	0.003	0.003	0.003	0.000
TARGET83	-1569.514	-254.721	396.315	0.003	0.003	0.003	0.000
TARGET84	-1734.433	-182.462	63.214	0.003	0.002	0.003	0.000
TARGET85	-1694.079	38.585	319.294	0.003	0.003	0.003	0.000
TARGET86	-1684.455	17.965	326.699	0.003	0.003	0.003	0.000
TARGET87	-1699.156	29.541	300.797	0.003	0.003	0.003	0.000
TARGET88	-1689.533	8.941	308.197	0.003	0.003	0.003	0.000
TARGET89	-1670.338	-32.133	323.008	0.003	0.003	0.003	0.000
TARGET90	-1786.017	56.164	117.280	0.003	0.002	0.003	0.000
TARGET91	-1800.322	64.279	89.821	0.003	0.002	0.003	0.000
TARGET92	-1755.321	-35.273	121.951	0.003	0.002	0.003	0.000
TARGET93	-1746.127	-56.551	127.907	0.003	0.002	0.003	0.000
TARGET94	-1736.989	-77.744	133.779	0.003	0.002	0.003	0.000
TARGET95	-1718.591	-120.331	145.597	0.003	0.003	0.003	0.000
TARGET96	-1748.386	-93.234	95.814	0.003	0.002	0.003	0.000
TARGET97	-1739.198	-114.504	101.691	0.003	0.002	0.003	0.000
TARGET98	-1729.959	-135.907	107.684	0.003	0.002	0.003	0.000
TARGET99	-1630.975	-302.122	217.810	0.003	0.002	0.003	0.000
TARGET100	-1780.286	66.395	138.206	0.003	0.002	0.003	0.000
TARGET101	-1733.501	-106.733	120.706	0.003	0.002	0.003	0.000
TARGET102	-1751.796	-64.335	108.925	0.003	0.002	0.003	0.000
TARGET103	-1760.987	-43.090	103.010	0.003	0.002	0.003	0.000
TARGET104	-1742.585	-163.760	57.808	0.003	0.002	0.003	0.000
TARGET105	-1701.695	-385.716	-8.346	0.003	0.002	0.003	0.000
TARGET106	-1710.826	-364.469	-14.187	0.003	0.002	0.003	0.000
TARGET107	-1722.343	-379.881	-52.196	0.003	0.002	0.003	0.000
TARGET108	-1792.737	-252.353	-123.599	0.003	0.002	0.003	0.000
TARGET109	-1808.864	-214.445	-133.607	0.003	0.002	0.003	0.000
TARGET110	-1799.340	-260.811	-145.062	0.003	0.002	0.003	0.000
TARGET111	-1820.483	-258.723	-192.750	0.003	0.002	0.003	0.000
TARGET112	-1772.389	-493.395	-251.085	0.003	0.002	0.003	0.000
TARGET113	-1770.773	-520.966	-267.270	0.003	0.002	0.002	0.000
TARGET114	-1778.909	-501.925	-272.460	0.003	0.002	0.003	0.000
TARGET115	-1827.197	-442.779	-342.128	0.003	0.002	0.002	0.000
TARGET116	-1823.549	-472.006	-354.770	0.003	0.002	0.003	0.000
TARGET117	-1842.083	-429.644	-367.252	0.003	0.002	0.002	0.000
TARGET118	-1854.963	-379.428	-360.752	0.003	0.002	0.002	0.000
TARGET119	-1838.448	-458.786	-379.909	0.003	0.002	0.003	0.000
TARGET121	-1688.997	47.647	337.793	0.003	0.003	0.003	0.000
TARGET122	-1679.945	-11.572	315.596	0.003	0.003	0.003	0.000
TARGET123	-1674.891	-2.524	334.085	0.003	0.003	0.003	0.000
TARGET124	-1906.074	-125.978	-295.308	0.003	0.002	0.003	0.000
TARGET125	-1908.439	-97.882	-280.329	0.003	0.002	0.003	0.000
TARGET126	-1903.644	-154.073	-310.114	0.003	0.002	0.003	0.000
TARGET127	-1914.455	-107.578	-301.377	0.003	0.002	0.003	0.000
TARGET128	-1797.450	35.854	75.683	0.003	0.002	0.003	0.000
TARGET129	-1641.010	-255.481	228.369	0.003	0.003	0.003	0.000
TARGET130	-1660.193	-14.067	360.011	0.003	0.003	0.003	0.000
TARGET131	-1917.345	25.962	-210.687	0.003	0.002	0.003	0.000
TARGET133	-1726.239	-201.341	68.580	0.003	0.002	0.003	0.000
TARGET134	-1805.888	-269.283	-166.470	0.003	0.002	0.003	0.000
TARGET135	-1713.212	-401.103	-46.347	0.003	0.002	0.003	0.000
TARGET136	-1704.088	-422.367	-40.501	0.003	0.002	0.003	0.000
TARGET137	-1890.998	-313.670	-396.852	0.003	0.002	0.002	0.000
TARGET138	-1780.500	-474.420	-256.220	0.003	0.002	0.003	0.000
TARGET139	-1915.681	-173.504	-352.309	0.003	0.002	0.003	0.000
TARGET140	-1924.094	-154.962	-358.358	0.003	0.002	0.003	0.000
TARGET141	-1910.060	-32.098	-236.143	0.003	0.002	0.003	0.000
TARGET142	-1889.561	-37.555	-192.456	0.003	0.002	0.003	0.000
TARGET143	-1919.292	-10.979	-242.227	0.003	0.002	0.003	0.000
TARGET144	-1922.982	18.056	-229.572	0.003	0.002	0.003	0.000
TARGET145	-1932.255	39.184	-235.656	0.003	0.002	0.003	0.000
TARGET146	-1926.632	47.110	-216.802	0.003	0.002	0.003	0.000
TARGET147	-1926.614	98.412	-179.318	0.003	0.002	0.003	0.000
TARGET148	-1934.844	117.289	-184.666	0.003	0.002	0.003	0.000
TARGET149	-1928.576	10.198	-248.295	0.003	0.002	0.003	0.000
TARGET150	-1982.284	-9.984	-387.874	0.003	0.002	0.003	0.000
TARGET151	-1986.426	12.637	-380.957	0.003	0.002	0.003	0.000
TARGET152	-2014.446	-27.942	-475.701	0.003	0.002	0.002	0.000
TARGET153	-2020.368	-35.180	-494.745	0.003	0.002	0.003	0.000
TARGET154	-2000.894	-2.000	-425.291	0.003	0.002	0.003	0.000
TARGET155	-1990.531	35.140	-374.043	0.003	0.002	0.003	0.000
TARGET156	-2023.455	-6.544	-481.018	0.003	0.002	0.003	0.000
TARGET157	-1999.865	39.181	-392.787	0.003	0.002	0.003	0.000
TARGET158	-1994.641	57.509	-367.211	0.003	0.002	0.003	0.000
TARGET159	-2003.971	61.586	-385.942	0.003	0.002	0.003	0.000
TARGET160	-2013.276	65.546	-404.589	0.003	0.002	0.003	0.000
TARGET161	-2041.436	36.103	-491.564	0.003	0.002	0.003	0.000
TARGET162	-2047.372	28.866	-510.632	0.003	0.002	0.003	0.000
TARGET163	-2017.422	88.065	-397.703	0.003	0.002	0.003	0.000
TARGET164	-2050.555	57.690	-496.917	0.003	0.002	0.003	0.000
TARGET165	-2056.495	50.398	-516.001	0.003	0.002	0.003	0.000
TARGET166	-2002.609	191.297	-287.667	0.003	0.002	0.003	0.000
TARGET167	-2013.794	175.094	-325.518	0.003	0.002	0.003	0.000
TARGET168	-2055.860	135.256	-452.293	0.003	0.002	0.003	0.000
TARGET169	-2017.596	204.237	-312.909	0.003	0.002	0.003	0.000
TARGET170	-2023.157	196.166	-331.762	0.003	0.002	0.003	0.000
TARGET171	-2059.768	164.475	-439.918	0.003	0.002	0.003	0.000
TARGET172	-2065.269	156.377	-458.668	0.003	0.002	0.003	0.000
TARGET173	-2021.379	233.392	-300.327	0.003	0.002	0.003	0.000
TARGET174	-2080.103	169.179	-483.778	0.003	0.002	0.003	0.000
TARGET175	-2036.330	246.325	-325.457	0.003	0.002	0.003	0.000
TARGET176	-1846.032	-77.313	-120.355	0.003	0.002	0.003	0.000
TARGET177	-1839.555	-68.915	-99.137	0.003	0.002	0.003	0.000
TARGET178	-1826.544	-52.126	-56.558	0.003	0.002	0.003	0.000
TARGET179	-1847.624	-50.077	-104.119	0.003	0.002	0.003	0.000
TARGET180	-1841.164	-41.642	-82.904	0.003	0.002	0.003	0.000
TARGET181	-1868.808	-48.035	-151.843	0.003	0.002	0.003	0.000
TARGET182	-1855.703	-31.138	-109.137	0.003	0.002	0.003	0.000
TARGET183	-1842.715	-14.322	-66.580	0.003	0.002	0.003	0.000
TARGET184	-1844.004	40.096	-29.798	0.003	0.002	0.003	0.000
TARGET185	-1820.284	62.167	41.642	0.003	0.002	0.003	0.000
TARGET186	-1814.569	72.363	62.496	0.003	0.002	0.003	0.000
TARGET187	-1853.078	61.663	-35.175	0.003	0.002	0.003	0.000
TARGET188	-1847.226	68.908	-16.235	0.003	0.002	0.003	0.000
TARGET189	-1924.733	70.673	-195.250	0.003	0.002	0.003	0.000
TARGET190	-1918.386	79.508	-174.002	0.003	0.002	0.003	0.000
TARGET191	-1905.685	96.969	-131.738	0.003	0.002	0.003	0.000
TARGET192	-1708.808	50.187	293.363	0.003	0.003	0.003	0.000
TARGET193	-1583.028	-204.600	401.319	0.003	0.003	0.003	0.000
TARGET194	-1698.315	-414.710	-21.471	0.003	0.002	0.003	0.000
TARGET195	-1759.406	-476.339	-208.415	0.003	0.002	0.003	0.000
TARGET196	-1765.918	-484.858	-229.809	0.003	0.002	0.003	0.000
TARGET197	-1679.354	27.034	345.230	0.003	0.003	0.003	0.000
TARGET198	-1624.621	-293.181	239.200	0.003	0.003	0.003	0.000
TARGET199	-1745.191	-227.716	5.068	0.003	0.002	0.003	0.000
TARGET200	-1821.998	-231.433	-176.487	0.003	0.002	0.003	0.000
TARGET201	-1813.959	-250.337	-171.470	0.003	0.002	0.003	0.000
TARGET202	-1740.633	-337.247	-63.875	0.003	0.002	0.003	0.000
TARGET203	-1716.566	-372.186	-33.174	0.003	0.002	0.003	0.000
TARGET204	-1731.468	-358.606	-58.040	0.003	0.002	0.003	0.000
TARGET205	-1774.007	-465.913	-234.936	0.003	0.002	0.003	0.000
TARGET206	-1751.263	-495.395	-203.277	0.003	0.002	0.003	0.000
TARGET207	-1817.912	-464.011	-335.865	0.003	0.002	0.002	0.000
TARGET208	-1564.225	-246.308	414.892	0.003	0.003	0.003	0.000
TARGET209	-1860.568	-387.442	-379.649	0.003	0.002	0.002	0.000
TARGET210	-1833.075	-60.544	-77.894	0.003	0.003	0.003	0.000
TARGET211	-1834.625	-33.201	-61.572	0.003	0.002	0.003	0.000
TARGET212	-1849.222	-22.760	-87.892	0.003	0.002	0.003	0.000
TARGET213	-1849.883	32.879	-48.767	0.003	0.002	0.003	0.000
TARGET214	-1858.965	54.399	-54.176	0.003	0.003	0.003	0.000
TARGET215	-1703.748	59.226	311.839	0.003	0.003	0.003	0.000
TARGET216	-1698.697	68.294	330.308	0.003	0.003	0.003	0.000
TARGET217	-1803.157	25.622	54.825	0.003	0.002	0.003	0.000
TARGET218	-1791.748	45.964	96.425	0.003	0.002	0.003	0.000
TARGET219	-1811.745	43.971	48.216	0.003	0.002	0.003	0.000
TARGET220	-1838.139	47.337	-10.840	0.003	0.002	0.003	0.000
TARGET221	-1794.619	74.475	110.651	0.003	0.002	0.003	0.000
TARGET222	-1788.891	84.752	131.594	0.003	0.002	0.003	0.000
TARGET223	-1808.894	82.506	83.223	0.003	0.002	0.003	0.000
TARGET224	-1868.019	75.888	-59.533	0.003	0.002	0.003	0.000
TARGET225	-1862.137	83.102	-40.587	0.003	0.002	0.003	0.000
TARGET226	-1856.242	90.386	-21.628	0.003	0.003	0.003	0.000
TARGET227	-1877.047	97.212	-64.895	0.003	0.002	0.003	0.000
TARGET228	-1865.306	111.697	-26.931	0.003	0.002	0.003	0.000
TARGET229	-1899.287	105.834	-110.352	0.003	0.002	0.003	0.000
TARGET230	-1886.073	118.677	-70.240	0.003	0.002	0.003	0.000
TARGET231	-1880.246	125.929	-51.364	0.003	0.003	0.003	0.000
TARGET232	-1920.248	107.096	-158.191	0.003	0.002	0.003	0.000
TARGET233	-1874.348	133.176	-32.312	0.003	0.002	0.003	0.000
TARGET234	-1907.535	124.666	-115.733	0.003	0.002	0.003	0.000
TARGET235	-1928.536	126.048	-163.557	0.003	0.002	0.003	0.000
TARGET236	-1831.500	175.812	98.978	0.003	0.003	0.003	0.000
TARGET237	-1922.169	134.777	-142.409	0.003	0.002	0.003	0.000
TARGET238	-1915.762	143.665	-120.997	0.003	0.002	0.003	0.000
TARGET239	-1842.608	185.313	80.028	0.003	0.003	0.003	0.000
TARGET240	-1832.989	194.322	109.108	0.003	0.002	0.003	0.000
TARGET241	-1770.110	234.843	286.031	0.004	0.003	0.003	0.000
TARGET242	-1853.710	194.834	61.112	0.003	0.003	0.003	0.000
TARGET243	-1834.469	212.736	119.226	0.003	0.003	0.003	0.000
TARGET244	-1790.075	238.320	241.880	0.003	0.003	0.003	0.000
TARGET245	-1856.525	231.758	81.388	0.003	0.003	0.003	0.000
TARGET246	-1799.619	259.153	234.936	0.003	0.003	0.003	0.000
TARGET247	-1794.378	267.764	253.581	0.003	0.003	0.003	0.000
TARGET248	-1867.746	241.224	62.533	0.003	0.002	0.003	0.000
TARGET249	-1878.859	250.706	43.589	0.003	0.002	0.003	0.000
TARGET250	-1942.974	277.768	-85.830	0.003	0.002	0.003	0.000
TARGET251	-1932.054	294.383	-48.195	0.003	0.003	0.003	0.000
TARGET252	-1888.805	344.151	89.309	0.003	0.002	0.003	0.000
TARGET253	-1784.828	246.924	260.499	0.003	0.003	0.003	0.000
TARGET254	-1592.453	-183.704	394.521	0.003	0.003	0.003	0.000
TARGET256	-1767.533	-457.375	-213.594	0.003	0.002	0.003	0.000
TARGET257	-1757.780	-503.918	-224.654	0.003	0.002	0.003	0.000
TARGET258	-1764.259	-512.408	-245.934	0.003	0.002	0.003	0.000
TARGET259	-1777.305	-529.455	-288.677	0.003	0.002	0.003	0.000
TARGET260	-1785.428	-510.459	-293.853	0.003	0.002	0.003	0.000
TARGET261	-1851.295	-408.591	-373.404	0.003	0.002	0.003	0.000
TARGET263	-1806.027	54.176	69.071	0.003	0.002	0.003	0.000
TARGET264	-1803.145	92.723	104.086	0.003	0.002	0.003	0.000
TARGET265	-1797.434	102.960	125.010	0.003	0.002	0.003	0.000
TARGET266	-1871.187	104.482	-45.938	0.003	0.002	0.003	0.000
TARGET267	-1912.041	88.228	-152.883	0.003	0.002	0.003	0.000
TARGET268	-1780.596	217.575	248.761	0.003	0.003	0.003	0.000
TARGET269	-1775.338	226.226	267.429	0.003	0.003	0.003	0.000
TARGET270	-1779.586	255.538	279.121	0.003	0.003	0.003	0.000
TARGET271	-1789.112	276.366	272.209	0.004	0.003	0.003	0.000
TARGET272	-1946.983	307.056	-73.610	0.003	0.002	0.003	0.000
TARGET273	-1765.828	205.434	274.358	0.003	0.003	0.003	0.000
TARGET274	-1854.113	-58.454	-125.317	0.003	0.002	0.003	0.000
TARGET275	-1862.196	-39.544	-130.315	0.003	0.002	0.003	0.000
TARGET276	-1895.179	-45.416	-211.289	0.003	0.002	0.003	0.000
TARGET277	-1760.565	214.051	292.969	0.003	0.003	0.003	0.000
TARGET278	-2098.817	211.091	-496.435	0.004	0.003	0.003	0.000
TARGET279	-2089.452	190.051	-490.096	0.003	0.002	0.003	0.000
TARGET280	-2083.936	198.185	-471.324	0.003	0.002	0.003	0.000
TARGET281	-2087.788	227.322	-458.819	0.004	0.002	0.003	0.000
TARGET282	-2070.807	148.291	-477.486	0.003	0.002	0.003	0.000
TARGET283	-2078.418	206.316	-452.482	0.003	0.002	0.003	0.000
TARGET284	-2038.378	7.528	-505.371	0.003	0.002	0.003	0.000
TARGET285	-2061.372	127.099	-471.105	0.003	0.002	0.003	0.000
TARGET286	-2069.076	185.413	-446.207	0.003	0.002	0.003	0.000
TARGET287	-2029.387	-13.792	-500.097	0.003	0.002	0.003	0.000
TARGET288	-2044.618	64.918	-477.812	0.003	0.002	0.003	0.000
TARGET289	-2032.438	14.746	-486.318	0.003	0.002	0.003	0.000
TARGET290	-2035.502	43.369	-472.475	0.003	0.002	0.003	0.000
TARGET291	-2050.324	143.363	-433.500	0.003	0.002	0.003	0.000
TARGET292	-2026.497	22.037	-467.195	0.003	0.002	0.003	0.000
TARGET293	-2017.521	0.680	-461.906	0.003	0.002	0.003	0.000
TARGET294	-2008.487	-20.702	-456.565	0.003	0.002	0.003	0.000
TARGET295	-2005.045	20.674	-418.361	0.003	0.002	0.003	0.000
TARGET296	-2009.175	43.196	-411.469	0.003	0.002	0.003	0.000
TARGET297	-1991.609	-5.955	-406.595	0.003	0.002	0.003	0.000
TARGET298	-1995.738	16.645	-399.680	0.003	0.002	0.003	0.000
TARGET299	-2008.099	84.062	-378.990	0.003	0.002	0.003	0.000
TARGET300	-2026.957	225.253	-319.189	0.004	0.003	0.003	0.000
TARGET301	-1998.788	80.055	-360.318	0.003	0.002	0.003	0.000
TARGET302	-2008.218	183.179	-306.618	0.003	0.002	0.003	0.000
TARGET303	-2011.982	212.362	-293.988	0.003	0.002	0.003	0.000
TARGET304	-1924.218	-257.447	-433.237	0.003	0.002	0.002	0.000
TARGET305	-1915.071	-278.710	-427.450	0.003	0.002	0.003	0.000
TARGET306	-1918.448	-249.806	-414.281	0.003	0.002	0.003	0.000
TARGET307	-1926.410	-126.870	-343.282	0.003	0.002	0.003	0.000
TARGET308	-1920.420	-117.183	-322.255	0.003	0.002	0.003	0.000
TARGET309	-1937.865	31.375	-254.395	0.003	0.002	0.003	0.000
TARGET310	-1900.052	-116.282	-274.276	0.003	0.002	0.003	0.000
TARGET311	-1932.957	89.531	-200.542	0.003	0.002	0.003	0.000
TARGET312	-1913.705	-3.157	-223.494	0.003	0.002	0.003	0.000
TARGET313	-1900.816	-53.271	-230.078	0.003	0.002	0.003	0.000
TARGET314	-1904.453	-24.235	-217.383	0.003	0.002	0.003	0.000
TARGET315	-1908.042	4.747	-204.603	0.003	0.002	0.003	0.000
TARGET316	-1898.823	-16.351	-198.524	0.003	0.002	0.003	0.000
TARGET317	-1913.925	115.838	-137.095	0.003	0.002	0.003	0.000
TARGET318	-1852.628	-85.797	-141.814	0.003	0.002	0.003	0.000
TARGET319	-1845.394	222.303	100.194	0.003	0.003	0.003	0.000
TARGET320	-2167.266	339.343	-560.855	0.004	0.002	0.003	0.000
TARGET321	-2141.222	238.988	-574.330	0.004	0.003	0.003	0.000
TARGET322	-2144.900	268.050	-561.504	0.004	0.002	0.003	0.000
TARGET323	-2135.601	246.871	-555.454	0.004	0.002	0.003	0.000
TARGET324	-2093.307	219.181	-477.639	0.004	0.002	0.003	0.000
TARGET325	-2074.633	177.300	-465.021	0.003	0.002	0.003	0.000
TARGET326	-2051.282	259.304	-350.622	0.004	0.002	0.003	0.000
TARGET327	-2041.892	238.213	-344.314	0.004	0.003	0.003	0.000
TARGET328	-2045.720	267.402	-331.760	0.003	0.003	0.003	0.000
TARGET329	-2032.517	217.154	-338.010	0.003	0.002	0.003	0.000
TARGET330	-2040.122	275.525	-312.789	0.003	0.003	0.003	0.000
TARGET331	-2030.757	254.409	-306.583	0.003	0.002	0.003	0.000
TARGET332	-1860.684	-66.918	-146.772	0.003	0.002	0.003	0.000
TARGET333	-2129.969	254.687	-536.638	0.004	0.003	0.003	0.000
TARGET334	-2159.844	281.346	-586.429	0.004	0.003	0.003	0.000
TARGET335	-2154.217	289.230	-567.527	0.004	0.003	0.003	0.000
TARGET336	-2148.621	297.041	-548.721	0.004	0.003	0.003	0.000
TARGET337	-2172.864	331.511	-579.654	0.004	0.002	0.003	0.000
TARGET338	-2179.827	380.905	-559.261	0.004	0.003	0.003	0.000
TARGET339	-2111.318	336.446	-433.097	0.004	0.003	0.003	0.000
TARGET340	-2188.180	399.651	-564.826	0.004	0.003	0.003	0.000
TARGET341	-2173.562	389.975	-537.994	0.004	0.003	0.003	0.000
TARGET342	-2119.552	355.252	-438.317	0.004	0.003	0.003	0.000
TARGET343	-2167.334	399.067	-516.780	0.004	0.003	0.003	0.000
TARGET344	-2127.839	374.133	-443.607	0.004	0.002	0.003	0.000
TARGET345	-2175.688	417.827	-522.357	0.004	0.003	0.003	0.000
TARGET346	-2106.750	372.715	-395.726	0.004	0.003	0.003	0.000
TARGET347	-2092.095	362.606	-369.199	0.004	0.003	0.003	0.000
TARGET348	-2011.055	309.879	-220.250	0.003	0.002	0.003	0.000
TARGET349	-2025.951	322.272	-245.631	0.004	0.003	0.003	0.000
TARGET350	-1864.779	204.269	42.227	0.003	0.003	0.003	0.000
TARGET351	-1875.899	213.788	23.317	0.003	0.003	0.003	0.000
TARGET352	-2020.611	330.748	-227.042	0.003	0.003	0.003	0.000
TARGET353	-1844.112	203.850	90.176	0.003	0.003	0.003	0.000
TARGET354	-1855.219	213.311	71.247	0.003	0.003	0.003	0.000
TARGET355	-1866.293	222.819	52.412	0.003	0.003	0.003	0.000
TARGET356	-1877.374	232.299	33.469	0.003	0.002	0.003	0.000
TARGET357	-1771.089	196.792	255.684	0.003	0.003	0.003	0.000
TARGET358	-1803.913	288.635	246.614	0.003	0.003	0.003	0.000
TARGET359	-1980.791	361.585	-111.976	0.004	0.003	0.003	0.000
TARGET360	-1965.813	348.839	-86.637	0.003	0.002	0.003	0.000
TARGET361	-1969.845	378.220	-74.337	0.004	0.003	0.003	0.000
TARGET362	-1960.353	357.188	-67.794	0.003	0.002	0.003	0.000
TARGET363	-1907.078	386.911	78.226	0.003	0.002	0.003	0.000
TARGET364	-1897.962	365.575	83.769	0.003	0.003	0.003	0.000
TARGET365	-1901.279	394.326	97.263	0.004	0.003	0.003	0.000
TARGET366	-1882.994	351.599	108.318	0.003	0.003	0.003	0.000
TARGET367	-1886.351	380.329	121.790	0.004	0.003	0.003	0.000
TARGET368	-1809.175	280.009	227.981	0.003	0.003	0.003	0.000
TARGET369	-1798.689	297.266	265.239	0.004	0.003	0.003	0.000
TARGET372	-1941.497	315.388	-54.742	0.003	0.002	0.003	0.000
TARGET373	-1937.507	286.094	-67.024	0.003	0.002	0.003	0.000
TARGET374	-1950.888	336.238	-61.238	0.004	0.003	0.003	0.000
TARGET375	-1956.377	327.899	-80.076	0.003	0.002	0.003	0.000
TARGET376	-1952.430	298.729	-92.372	0.003	0.002	0.003	0.000
TARGET377	-1961.815	319.574	-98.852	0.003	0.003	0.003	0.000
TARGET378	-2016.423	301.406	-238.901	0.004	0.002	0.003	0.000
TARGET379	-2085.679	371.356	-347.921	0.004	0.003	0.003	0.000
TARGET380	-2139.301	275.889	-542.701	0.004	0.003	0.003	0.000
TARGET381	-2150.549	260.194	-580.399	0.004	0.002	0.003	0.000
TARGET382	-1910.392	415.701	91.755	0.004	0.003	0.003	0.000
TARGET383	-2121.441	382.894	-422.267	0.004	0.003	0.003	0.000
TARGET384	-2113.165	363.995	-417.007	0.004	0.003	0.003	0.000
TARGET385	-2045.011	363.912	-259.153	0.004	0.003	0.003	0.000
TARGET386	-2035.477	343.069	-252.405	0.004	0.003	0.003	0.000
TARGET387	-2030.116	351.534	-233.776	0.004	0.003	0.003	0.000
TARGET388	-2034.321	380.914	-221.916	0.004	0.003	0.003	0.000
TARGET389	-2015.255	339.237	-208.403	0.004	0.003	0.003	0.000
TARGET390	-2005.718	318.390	-201.638	0.004	0.003	0.003	0.000
TARGET391	-1971.298	340.546	-105.398	0.003	0.003	0.003	0.000
TARGET392	-1975.307	369.907	-93.168	0.003	0.002	0.003	0.000
TARGET393	-1892.158	372.997	102.808	0.004	0.003	0.003	0.000
TARGET394	-1895.463	401.704	116.284	0.004	0.003	0.003	0.000
TARGET395	-2178.469	323.635	-598.523	0.004	0.003	0.003	0.000
TARGET396	-2169.149	302.458	-592.460	0.004	0.003	0.003	0.000
TARGET397	-2163.536	310.322	-573.610	0.004	0.003	0.003	0.000
TARGET398	-2157.905	318.171	-554.766	0.004	0.003	0.003	0.000
TARGET399	-2184.022	436.461	-527.929	0.004	0.003	0.003	0.000
TARGET400	-2177.779	445.523	-506.748	0.004	0.003	0.003	0.000
TARGET401	-2169.441	426.896	-501.229	0.004	0.003	0.003	0.000
TARGET402	-2161.092	408.151	-495.651	0.004	0.003	0.003	0.000
TARGET403	-2154.873	417.269	-474.452	0.004	0.003	0.003	0.000
TARGET404	-2115.012	391.611	-400.949	0.004	0.003	0.003	0.000
TARGET405	-2098.492	353.926	-390.466	0.004	0.003	0.003	0.000
TARGET406	-2108.603	400.296	-379.715	0.004	0.003	0.003	0.000
TARGET407	-2100.318	381.396	-374.449	0.004	0.003	0.003	0.000
TARGET408	-2102.201	409.086	-358.390	0.004	0.003	0.003	0.000
TARGET409	-2093.902	390.154	-353.149	0.004	0.003	0.003	0.000
TARGET410	-2054.564	384.777	-265.968	0.004	0.003	0.003	0.000
TARGET411	-2039.673	372.379	-240.598	0.004	0.003	0.003	0.000
TARGET412	-2043.870	401.752	-228.721	0.004	0.003	0.003	0.000
TARGET413	-2024.786	360.044	-215.160	0.004	0.003	0.003	0.000
TARGET414	-1904.589	423.080	110.762	0.004	0.003	0.003	0.000
TARGET415	-2104.904	345.180	-411.742	0.004	0.003	0.003	0.000
TARGET416	-2181.924	408.761	-543.544	0.004	0.003	0.003	0.000
TARGET417	-2196.496	418.289	-570.357	0.004	0.003	0.003	0.000
TARGET418	-2190.262	427.365	-549.117	0.004	0.003	0.003	0.000
TARGET419	-2049.189	393.223	-247.343	0.004	0.003	0.003	0.000
TARGET420	-2163.244	435.986	-480.020	0.004	0.003	0.003	0.000
TARGET421	-2171.534	454.598	-485.516	0.004	0.003	0.003	0.000
TARGET422	-1916.234	408.291	72.728	0.004	0.003	0.003	0.000
TARGET423	-1925.337	429.689	67.221	0.004	0.003	0.003	0.000
TARGET424	-1996.594	461.454	-75.137	0.004	0.003	0.003	0.000
TARGET425	-1919.530	437.113	86.251	0.004	0.003	0.003	0.000
TARGET426	-2085.880	508.817	-247.206	0.004	0.003	0.003	0.000
TARGET427	-1990.174	470.211	-53.767	0.004	0.003	0.003	0.000
TARGET428	-2004.859	480.315	-80.443	0.004	0.003	0.003	0.000
TARGET429	-1913.729	444.473	105.268	0.004	0.003	0.003	0.000
TARGET430	-2080.288	516.957	-228.281	0.004	0.003	0.003	0.000
TARGET431	-1983.807	478.895	-32.599	0.004	0.003	0.003	0.000
TARGET432	-2095.330	530.007	-253.491	0.004	0.003	0.003	0.000
TARGET433	-1998.432	489.070	-59.062	0.004	0.003	0.003	0.000
TARGET434	-2074.717	525.067	-209.412	0.004	0.003	0.003	0.000
TARGET435	-2013.110	499.108	-85.730	0.004	0.003	0.003	0.000
TARGET436	-1977.458	487.544	-11.417	0.004	0.003	0.003	0.000
TARGET437	-2089.718	538.122	-234.556	0.004	0.003	0.003	0.000
TARGET438	-1992.071	497.792	-37.866	0.004	0.003	0.003	0.000
TARGET439	-2006.662	507.909	-64.265	0.004	0.003	0.003	0.000
TARGET440	-2104.664	550.915	-259.770	0.004	0.003	0.003	0.000
TARGET441	-1971.135	496.316	9.783	0.004	0.003	0.003	0.000
TARGET442	-2084.188	546.207	-215.726	0.004	0.003	0.003	0.000
TARGET443	-1985.745	506.476	-16.699	0.004	0.003	0.003	0.000
TARGET444	-2099.078	559.025	-240.826	0.004	0.003	0.003	0.000
TARGET445	-2000.319	516.588	-43.136	0.004	0.003	0.003	0.000
TARGET446	-2113.999	571.809	-265.989	0.004	0.003	0.003	0.000
TARGET447	-1979.386	515.200	4.526	0.004	0.003	0.003	0.000
TARGET448	-2093.526	567.101	-222.009	0.004	0.003	0.003	0.000
TARGET449	-1993.982	525.281	-21.966	0.004	0.003	0.003	0.000
TARGET450	-2108.424	579.919	-247.068	0.004	0.003	0.003	0.000
TARGET451	-2123.423	592.844	-272.287	0.004	0.003	0.003	0.000
TARGET452	-1987.640	533.998	-0.730	0.004	0.003	0.003	0.000
TARGET453	-2102.858	588.024	-228.209	0.004	0.003	0.003	0.000
TARGET454	-2117.872	600.944	-253.422	0.004	0.003	0.003	0.000
TARGET455	-2112.256	609.006	-234.514	0.004	0.003	0.003	0.000
TARGET456	-2019.531	660.795	18.978	0.004	0.003	0.004	0.000
TARGET457	-2030.362	668.113	-0.802	0.004	0.003	0.003	0.000
TARGET458	-2021.955	679.943	27.508	0.004	0.003	0.003	0.000
TARGET459	-2032.816	687.359	7.748	0.004	0.003	0.004	0.000
TARGET460	-2043.729	694.665	-12.163	0.005	0.003	0.004	0.000
TARGET461	-2038.776	656.167	-29.185	0.004	0.003	0.004	0.000
TARGET462	-2027.895	648.832	-9.308	0.005	0.003	0.004	0.000
TARGET463	-2017.048	641.450	10.454	0.004	0.003	0.004	0.000
TARGET464	-2011.158	672.636	47.277	0.004	0.003	0.004	0.000
TARGET465	-2008.719	653.486	38.743	0.005	0.003	0.004	0.000
TARGET466	-2006.214	634.122	30.213	0.004	0.003	0.003	0.000
TARGET467	-2000.155	665.122	67.301	0.005	0.003	0.004	0.000
TARGET468	-1997.688	645.946	58.784	0.004	0.003	0.003	0.000
TARGET469	-1995.186	626.611	50.267	0.004	0.003	0.003	0.000
TARGET470	-1974.942	673.642	132.248	0.005	0.003	0.004	0.000
TARGET471	-1969.350	681.531	151.116	0.005	0.003	0.004	0.000
TARGET472	-1965.624	652.552	138.366	0.005	0.003	0.004	0.000
TARGET473	-1954.461	668.337	176.090	0.005	0.003	0.004	0.000
TARGET474	-1950.765	639.415	163.225	0.004	0.003	0.004	0.000
TARGET475	-1947.106	610.552	150.415	0.004	0.003	0.004	0.000
TARGET476	-1945.192	647.354	182.127	0.004	0.003	0.004	0.000
TARGET477	-1941.514	618.378	169.248	0.005	0.003	0.004	0.000
TARGET478	-1937.720	589.312	156.514	0.004	0.003	0.004	0.000
TARGET479	-1935.919	626.344	188.148	0.004	0.003	0.004	0.000
TARGET480	-1926.528	605.057	194.255	0.005	0.003	0.004	0.000
TARGET481	-1877.190	358.963	127.342	0.004	0.003	0.003	0.000
TARGET482	-1960.041	660.414	157.193	0.004	0.003	0.004	0.000
TARGET483	-1956.277	631.573	144.332	0.005	0.003	0.004	0.000
TARGET484	-1932.151	597.137	175.300	0.005	0.003	0.004	0.000
TARGET487	-1963.776	689.414	169.992	0.005	0.003	0.004	0.000
TARGET488	-2041.267	675.473	-20.682	0.004	0.003	0.003	0.000
